

front leg values while climbing and dragging backwards

int top_val ={600 ,
599 ,
599 ,
599 ,
600 ,
599 ,
599 ,
599 ,
598 ,
598 ,
599 ,
599 ,
598 ,
598 ,
598 ,
598 ,
598 ,
598 ,
598 ,
597 ,
597 ,
597 ,
598 ,
597 ,
597 ,
598 ,
596 ,
597 ,
597 ,
597 ,
597 ,
601 ,
594 ,
596 ,
596 ,
596 ,
597 ,
597 ,
597 ,
597 ,
596 ,
596 ,
596 ,
596 ,
596 ,
595 ,
596 ,
595 ,
595 ,
595 ,
595 ,
594 ,
591 ,
593 ,
593 ,
594 ,
594 ,
593 ,
593 ,
594 ,
592 ,
593 ,
593 ,
596 ,
592 ,
591 ,
591 ,
591 ,
591 ,
590 ,
590 ,
590 ,
590 ,
590 ,
591 ,
589 ,
589 ,
588 ,
588 ,
588 ,
587 ,
587 ,
587 ,
587 ,
587 ,
587 ,
587 ,
586 ,
586 ,
587 ,
586 ,
586 ,
584 ,
585 ,
585 ,
585 ,
584 ,
585 ,
585 ,
584 ,
583 ,
584 ,
583 ,
583 ,
582 ,
583 ,
583 ,
582 ,
582 ,
582 ,
582 ,
582 ,
582 ,
582 ,
581 ,
581 ,
580 ,
581 ,
579 ,
579 ,
580 ,
579 ,
579 ,
579 ,
579 ,
579 ,
579 ,
579 ,
579 ,
579 ,
579 ,
579 ,
579 ,
579 ,
578 ,
578 ,
579 ,
579 ,
578 ,
579 ,
579 ,
579 ,
578 ,
578 ,
578 ,
578 ,
578 ,
578 ,
579 ,
577 ,
579 ,
578 ,
578 ,
578 ,
578 ,
577 ,
577 ,
577 ,
578 ,
577 ,
577 ,
578 ,
577 ,
577 ,
577 ,
577 ,
577 ,
578 ,
576 ,
577 ,
577 ,
578 ,
577 ,
577 ,
576 ,
578 ,
576 ,
576 ,
576 ,
576 ,
576 ,
576 ,
576 ,
575 ,
576 ,
576 ,
575 ,
575 ,
575 ,
575 ,
575 ,
575 ,
574 ,
574 ,
575 ,
574 ,
574 ,
574 ,
574 ,
574 ,
573 ,
572 ,
573 ,
573 ,
573 ,
573 ,
573 ,
573 ,
574 ,
572 ,
573 ,
572 ,
572 ,
570 ,
571 ,
572 ,
571 ,
572 ,
571 ,
570 ,
571 ,
570 ,
570 ,
570 ,
572 ,
569 ,
570 ,
569 ,
569 ,
569 ,
570 ,
569 ,
569 ,
569 ,
569 ,
569 ,
570 ,
569 ,
569 ,
569 ,
568 ,
568 ,
568 ,
569 ,
568 ,
568 ,
567 ,
568 ,
568 ,
567 ,
566 ,
568 ,
567 ,
567 ,
568 ,
566 ,
566 ,
565 ,
566 ,
566 ,
566 ,
566 ,
565 ,
565 ,
565 ,
565 ,
565 ,
564 ,
564 ,
564 ,
563 ,
563 ,
563 ,
562 ,
562 ,
562 ,
562 ,
562 ,
562 ,
562 ,
562 ,
561 ,
562 ,
560 ,
562 ,
561 ,
562 ,
560 ,
560 ,
560 ,
561 ,
560 ,
560 ,
560 ,
561 ,
562 ,
560 ,
560 ,
559 ,
560 ,
559 ,
559 ,
560 ,
560 ,
559 ,
559 ,
559 ,
559 ,
559 ,
558 ,
558 ,
558 ,
558 ,
558 ,
558 ,
558 ,
558 ,
558 ,
558 ,
558 ,
558 ,
557 ,
558 ,
558 ,
557 ,
557 ,
555 ,
557 ,
557 ,
557 ,
557 ,
557 ,
557 ,
557 ,
556 ,
556 ,
556 ,
556 ,
555 ,
556 ,
556 ,
555 ,
555 ,
555 ,
555 ,
555 ,
555 ,
555 ,
555 ,
555 ,
557 ,
554 ,
555 ,
555 ,
555 ,
555 ,
555 ,
554 ,
553 ,
555 ,
554 ,
553 ,
553 ,
553 ,
553 ,
553 ,
553 ,
552 ,
552 ,
552 }

int bot_val={
948,
948, 
948, 
948, 
948, 
949, 
949, 
949, 
948, 
949, 
948, 
949, 
947, 
949, 
949, 
949, 
949, 
949, 
949, 
949, 
949, 
950, 
949, 
950, 
950, 
950, 
951, 
951, 
952, 
951, 
952, 
953, 
953, 
952, 
952, 
951, 
952, 
952, 
951, 
952, 
950, 
952, 
951, 
951, 
951, 
951, 
951, 
951, 
951, 
949, 
951, 
949, 
950, 
951, 
948, 
949, 
949, 
948, 
948, 
947, 
948, 
947, 
947, 
947, 
947, 
946, 
947, 
947, 
946, 
947, 
947, 
947, 
946, 
947, 
946, 
946, 
947, 
948, 
945, 
946, 
947, 
946, 
945, 
946, 
946, 
946, 
947, 
947, 
946, 
946, 
943, 
946, 
946, 
946, 
946, 
946, 
946, 
947, 
945, 
946, 
947, 
947, 
946, 
946, 
947, 
946, 
946, 
945, 
946, 
945, 
946, 
946, 
945, 
943, 
944, 
944, 
944, 
943, 
943, 
942, 
943, 
943, 
943, 
942, 
942, 
943, 
941, 
943, 
942, 
942, 
942, 
942, 
942, 
943, 
941, 
943, 
943, 
944, 
944, 
944, 
944, 
945, 
946, 
947, 
947, 
947, 
948, 
948, 
949, 
942, 
953, 
949, 
949, 
956, 
949, 
950, 
949, 
949, 
950, 
949, 
948, 
949, 
949, 
950, 
949, 
949, 
949, 
950, 
950, 
950, 
950, 
950, 
951, 
951, 
949, 
947, 
951, 
950, 
952, 
950, 
950, 
951, 
950, 
950, 
951, 
951, 
950, 
950, 
950, 
949, 
949, 
949, 
948, 
948, 
948, 
948, 
947, 
947, 
947, 
947, 
946, 
945, 
947, 
947, 
946, 
946, 
946, 
946, 
950, 
946, 
946, 
947, 
946, 
946, 
946, 
946, 
945, 
945, 
945, 
945, 
945, 
944, 
944, 
943, 
949, 
944, 
945, 
945, 
944, 
945, 
946, 
945, 
946, 
945, 
945, 
946, 
944, 
946, 
946, 
947, 
945, 
944, 
946, 
949, 
947, 
947, 
946, 
946, 
948, 
946, 
946, 
947, 
946, 
946, 
949, 
945, 
946, 
947, 
945, 
946, 
946, 
946, 
945, 
945, 
946, 
945, 
945, 
945, 
944, 
945, 
945, 
945, 
944, 
944, 
944, 
945, 
944, 
944, 
945, 
945, 
945, 
945, 
945, 
945, 
945, 
945, 
944, 
945, 
945, 
946, 
946, 
948, 
948, 
949, 
949, 
949, 
950, 
950, 
951, 
951, 
951, 
950, 
951, 
951, 
951, 
951, 
950, 
951, 
951, 
951, 
951, 
951, 
950, 
951, 
951, 
951, 
951, 
950, 
951, 
951, 
951, 
951, 
946, 
953, 
952, 
951, 
951, 
952, 
952, 
952, 
952, 
952, 
952, 
952, 
951, 
953, 
953, 
952, 
950, 
952, 
952, 
952, 
951, 
952, 
952, 
951, 
952, 
952, 
952, 
952, 
953, 
951, 
952, 
952, 
953, 
952, 
951, 
952, 
952, 
953, 
952, 
952, 
951, 
953, 
952, 
953, 
952, 
952, 
952, 
953

}


front leg values while climbing and stepping upwards

int top_val={
550,
550 ,
551 ,
550 ,
550 ,
550 ,
550 ,
550 ,
550 ,
551 ,
550 ,
550 ,
553 ,
551 ,
549 ,
550 ,
548 ,
546 ,
544 ,
543 ,
541 ,
542 ,
540 ,
540 ,
538 ,
536 ,
535 ,
533 ,
531 ,
530 ,
528 ,
526 ,
525 ,
524 ,
521 ,
519 ,
519 ,
515 ,
513 ,
510 ,
508 ,
506 ,
505 ,
502 ,
500 ,
499 ,
495 ,
498 ,
493 ,
488 ,
487 ,
483 ,
477 ,
476 ,
478 ,
468 ,
469 ,
468 ,
465 ,
464 ,
462 ,
458 ,
458 ,
454 ,
452 ,
447 ,
445 ,
444 ,
441 ,
439 ,
436 ,
433 ,
429 ,
426 ,
426 ,
423 ,
421 ,
419 ,
417 ,
416 ,
413 ,
411 ,
413 ,
407 ,
407 ,
405 ,
404 ,
403 ,
401 ,
400 ,
399 ,
398 ,
397 ,
403 ,
395 ,
397 ,
396 ,
395 ,
398 ,
400 ,
396 ,
390 ,
396 ,
398 ,
397 ,
395 ,
396 ,
394 ,
395 ,
390 ,
396 ,
395 ,
395 ,
395 ,
395 ,
395 ,
395 ,
395 ,
394 ,
394 ,
394 ,
394 ,
394 ,
394 ,
394 ,
393 ,
393 ,
393 ,
392 ,
392 ,
393 ,
393 ,
392 ,
392 ,
391 ,
391 ,
391 ,
391 ,
391 ,
391 ,
391 ,
391 ,
393 ,
390 ,
392 ,
391 ,
393 ,
392 ,
392 ,
393 ,
395 ,
396 ,
396 ,
398 ,
400 ,
400 ,
402 ,
405 ,
407 ,
408 ,
410 ,
412 ,
414 ,
416 ,
418 ,
421 ,
424 ,
426 ,
429 ,
432 ,
433 ,
436 ,
438 ,
440 ,
443 ,
444 ,
446 ,
448 ,
450 ,
452 ,
454 ,
456 ,
458 ,
460 ,
462 ,
464 ,
466 ,
468 ,
468 ,
470 ,
472 ,
475 ,
476 ,
479 ,
481 ,
482 ,
483 ,
485 ,
488 ,
490 ,
491 ,
492 ,
495 ,
497 ,
498 ,
500 ,
502 ,
503 ,
505 ,
505 ,
505 ,
508 ,
508 ,
512 ,
512 ,
513 ,
514 ,
516 ,
516 ,
519 ,
518 ,
517 ,
524 ,
526 ,
527 ,
528 ,
530 ,
531 ,
533 ,
534 ,
535 ,
537 ,
537 ,
539 ,
540 ,
541 ,
542 ,
543 ,
544 ,
544 ,
546 ,
547 ,
549 ,
549 ,
550 ,
551 ,
552 ,
553 ,
554 ,
555 ,
555 ,
556 ,
557 ,
558 ,
558 ,
559 ,
560 ,
561 ,
561 ,
562 ,
563 ,
563 ,
564 ,
565 ,
565 ,
566 ,
567 ,
568 ,
568 ,
568 ,
569 ,
569 ,
569 ,
570 ,
570 ,
571 ,
571 ,
572 ,
573 ,
573 ,
573 ,
574 ,
575 ,
575 ,
575 ,
580 ,
576 ,
575 ,
577 ,
577 ,
577 ,
579 ,
578 ,
579 ,
580 ,
580 ,
582 ,
582 ,
583 ,
584 ,
585 ,
585 ,
587 ,
587 ,
587 ,
588 ,
588 ,
588 ,
591 ,
589 ,
591 ,
595 ,
593 ,
598 ,
597 ,
594 ,
595 ,
596 ,
596 ,
596 ,
598 ,
597 ,
597 ,
598 ,
597 ,
598 ,
598 ,
598 ,
598 ,
599 ,
599 ,
598 ,
599 ,
599 ,
599 ,
599 ,
599 ,
601 ,
601 ,
602 ,
600 ,
601 ,
601 ,
600 ,
601 ,
600 ,
601 ,
601 ,
601 ,
602 ,
601 ,
596 ,
602 ,
601 ,
601 ,
602 ,
602 ,
601 ,
603 ,
602 ,
602 ,
602 ,
602 ,
602 ,
603 ,
603 ,
602 ,
602 ,
602 ,
603 ,
603 
}

int bot_val ={
950,
949, 
950, 
949, 
949, 
949, 
948, 
948, 
949, 
949, 
948, 
950, 
962, 
960, 
958, 
958, 
955, 
953, 
952, 
958, 
949, 
948, 
946, 
945, 
943, 
941, 
940, 
939, 
938, 
937, 
936, 
935, 
935, 
926, 
929, 
927, 
926, 
923, 
921, 
920, 
918, 
915, 
914, 
911, 
910, 
908, 
907, 
901, 
901, 
900, 
898, 
899, 
899, 
893, 
895, 
890, 
886, 
884, 
882, 
879, 
878, 
873, 
870, 
871, 
869, 
866, 
864, 
860, 
858, 
856, 
852, 
847, 
844, 
846, 
838, 
837, 
837, 
832, 
830, 
828, 
824, 
821, 
809, 
813, 
812, 
807, 
803, 
802, 
796, 
791, 
788, 
779, 
780, 
775, 
773, 
768, 
766, 
762, 
759, 
754, 
747, 
745, 
742, 
739, 
733, 
732, 
727, 
721, 
719, 
718, 
711, 
709, 
708, 
704, 
701, 
700, 
697, 
695, 
689, 
687, 
684, 
682, 
678, 
676, 
675, 
669, 
668, 
663, 
660, 
659, 
655, 
647, 
650, 
649, 
645, 
642, 
641, 
636, 
635, 
630, 
628, 
626, 
617, 
621, 
621, 
616, 
611, 
613, 
612, 
609, 
608, 
608, 
606, 
605, 
606, 
605, 
606, 
604, 
606, 
604, 
605, 
608, 
609, 
608, 
608, 
609, 
610, 
611, 
611, 
616, 
615, 
616, 
616, 
619, 
621, 
620, 
623, 
624, 
626, 
630, 
630, 
634, 
636, 
640, 
640, 
643, 
646, 
647, 
650, 
653, 
655, 
658, 
662, 
663, 
665, 
666, 
671, 
673, 
674, 
678, 
680, 
685, 
686, 
687, 
690, 
694, 
696, 
699, 
701, 
704, 
706, 
709, 
710, 
714, 
713, 
714, 
715, 
718, 
721, 
722, 
728, 
724, 
727, 
730, 
733, 
736, 
738, 
740, 
744, 
743, 
745, 
748, 
751, 
751, 
756, 
756, 
757, 
759, 
760, 
763, 
766, 
767, 
769, 
771, 
772, 
774, 
775, 
775, 
777, 
781, 
783, 
787, 
791, 
792, 
796, 
799, 
800, 
802, 
805, 
807, 
810, 
813, 
815, 
817, 
822, 
824, 
827, 
830, 
833, 
834, 
838, 
838, 
839, 
840, 
841, 
842, 
843, 
843, 
844, 
844, 
844, 
845, 
845, 
845, 
846, 
841, 
849, 
844, 
854, 
856, 
857, 
860, 
861, 
863, 
865, 
866, 
869, 
872, 
873, 
875, 
876, 
878, 
879, 
881, 
882, 
884, 
886, 
887, 
889, 
890, 
891, 
889, 
894, 
900, 
900, 
897, 
899, 
899, 
902, 
902, 
898, 
905, 
907, 
908, 
910, 
911, 
912, 
913, 
914, 
915, 
916, 
917, 
917, 
918, 
920, 
921, 
921, 
922, 
922, 
918, 
923, 
925, 
926, 
927, 
928, 
929, 
931, 
931, 
932, 
932, 
932, 
934, 
934, 
934, 
936, 
936, 
937, 
938, 
941, 
941, 
942, 
943, 
945, 
946, 
947, 
947, 
948, 
949, 
949, 
949, 
950

}

top=a-619

void set_climb()
{

  front_lu.writeMicroseconds(1738);
  front_lb.writeMicroseconds(1770);
  front_ru.writeMicroseconds(683);
  front_rb.writeMicroseconds(1250);
  back_lu.writeMicroseconds(1746);
  back_lb.writeMicroseconds(1738);
  back_ru.writeMicroseconds(1354);
  back_rb.writeMicroseconds(1262);
}
