910	846	0
913     841     1
914     836     2
918     832     3
920     826     4
923     820     5
926     812     6
926     808     7
927     803     8
928     799     9
928     794     10
929     789     11
930     784     12
932     780     13
933     775     14
935     770     15
935     767     16
935     764     17
935     760     18
935     756     19
933     755     20
931     755     21
930     751     22
929     750     23
928     749     24
927     749     25
926     749     26
924     749     27
919     755     28
918     751     29
913     754     30
912     754     31
906     754     32
906     757     33
903     759     34
900     763     35
897     765     36
894     768     37
892     771     38
889     775     39
887     778     40
885     783     41
882     784     42
878     791     43
875     794     44
873     799     45
870     802     46
866     805     47
864     810     48
862     814     49
860     817     50
858     821     51
856     824     52
854     827     53
855     833     54
851     833     55
850     834     56
849     836     57
849     837     58
848     839     59
848     841     60
848     842     61
847     842     62
847     843     63
847     842     64
848     842     65
848     843     66
848     843     67
849     843     68
849     843     69
849     843     70
849     844     71
850     844     72
850     845     73
850     845     74
851     845     75
851     846     76
851     846     77
852     847     78
852     847     79
853     848     80
854     849     81
854     850     82
856     847     83
858     853     84
855     852     85
858     856     86
856     855     87
857     857     88
858     857     89
858     858     90
859     859     91
859     861     92
859     862     93
860     864     94
860     865     95
863     870     96
861     869     97
864     868     98
861     873     99
861     874     100
862     876     101
862     878     102
862     880     103
862     882     104
862     885     105
862     887     106
862     889     107
862     891     108
861     894     109
861     896     110
861     898     111
861     899     112
862     900     113
861     902     114
861     904     115
861     905     116
861     907     117
861     908     118
860     910     119
860     912     120
860     913     121
860     914     122
860     916     123
859     918     124
859     920     125
859     922     126
860     926     127
860     924     128
857     928     129
856     930     130
856     933     131
855     939     132
854     939     133
854     942     134
854     949     135
853     947     136
852     949     137
852     950     138
851     952     139
851     953     140
851     955     141
851     956     142
851     956     143
851     956     144
851     955     145
852     954     146
853     951     147
853     952     148
853     951     149
854     951     150
855     950     151
856     948     152
856     947     153
858     944     154
860     942     155
860     939     156
861     936     157
863     933     158
864     931     159
865     927     160
869     925     161
871     918     162
873     913     163
876     907     164
880     904     165
881     898     166
884     894     167
886     890     168
888     885     169
891     880     170
894     875     171
896     869     172
900     863     173