796     794     0
804     810     1
800     797     2
798     796     3
802     798     4
775     800     5
802     788     6
800     781     7
803     774     8
803     776     9
802     772     10
803     766     11
803     766     12
802     764     13
799     761     14
800     761     15
801     755     16
798     758     17
799     755     18
798     754     19
793     754     20
794     754     21
791     752     22
790     755     23
789     754     24
788     754     25
786     755     26
785     757     27
784     760     28
784     762     29
782     766     30
777     768     31
777     771     32
772     769     33
773     779     34
772     780     35
770     784     36
765     788     37
766     796     38
760     801     39
762     805     40
761     812     41
751     820     42
754     819     43
755     826     44
754     827     45
748     836     46
746     843     47
746     843     48
742     849     49
745     856     50
739     859     51
735     860     52
736     866     53
737     868     54
734     874     55
749     860     56
731     879     57
728     880     58
736     887     59
727     889     60
725     890     61
729     893     62
724     892     63
724     894     64
729     896     65
726     897     66
721     898     67
724     904     68
723     903     69
720     903     70
723     903     71
723     907     72
722     906     73
726     905     74
722     907     75
723     905     76
723     905     77
721     902     78
723     904     79
721     906     80
725     906     81
722     907     82
723     905     83
723     906     84
723     905     85
720     904     86
723     905     87
722     905     88
721     905     89
722     905     90
725     903     91
725     903     92
723     903     93
724     904     94
724     903     95
725     902     96
729     901     97
727     902     98
728     903     99
729     902     100
729     900     101
731     899     102
731     901     103
731     900     104
733     896     105
733     898     106
737     894     107
735     897     108
736     894     109
737     893     110
740     895     111
741     892     112
741     896     113
742     893     114
744     892     115
742     893     116
744     890     117
747     890     118
742     887     119
749     888     120
752     888     121
749     887     122
752     888     123
753     885     124
753     883     125
754     886     126
759     885     127
758     884     128
759     882     129
758     880     130
755     882     131
759     883     132
761     881     133
761     877     134
763     881     135
760     878     136
764     878     137
766     879     138
766     878     139
767     874     140
766     876     141
769     876     142
771     876     143
772     875     144
771     875     145
769     873     146
771     876     147
772     873     148
770     875     149
773     873     150
775     873     151
771     873     152
774     873     153
775     872     154
773     876     155
777     874     156
775     870     157
777     870     158
779     871     159
779     871     160
779     871     161
781     869     162
782     869     163
776     871     164
782     872     165
783     871     166
784     869     167
784     873     168
785     870     169
786     877     170
789     870     171
786     869     172
790     865     173
788     867     174
791     870     175
790     868     176
787     867     177
785     869     178
793     868     179
793     869     180
789     866     181
790     863     182
793     865     183
792     864     184
794     860     185
797     861     186
793     858     187
796     860     188
794     858     189
798     852     190
799     848     191
800     844     192
802     841     193
805     837     194
803     832     195
803     831     196
805     825     197
806     825     198
805     820     199
806     814     200
808     811     201
810     807     202
808     801     203
809     799     204
809     796     205