836     839     0
835     837     1
835     837     2
835     837     3
835     837     4
835     836     5
835     835     6
836     834     7
836     832     8
837     830     9
838     828     10
839     825     11
841     823     12
840     822     13
839     817     14
842     817     15
842     817     16
843     813     17
843     811     18
843     810     19
843     809     20
843     807     21
843     805     22
843     804     23
843     801     24
844     798     25
843     799     26
845     796     27
844     794     28
844     792     29
844     789     30
845     787     31
845     784     32
846     782     33
846     780     34
846     777     35
846     775     36
846     775     37
846     771     38
845     768     39
846     767     40
846     766     41
845     763     42
846     762     43
845     759     44
845     757     45
845     755     46
844     752     47
844     750     48
844     749     49
843     747     50
844     745     51
842     743     52
843     742     53
842     740     54
841     738     55
841     738     56
841     736     57
840     735     58
839     733     59
838     733     60
837     732     61
836     731     62
835     730     63
835     729     64
834     727     65
833     727     66
832     726     67
831     726     68
831     725     69
830     725     70
828     724     71
828     724     72
827     724     73
826     724     74
824     724     75
823     724     76
822     725     77
821     725     78
819     724     79
819     726     80
818     726     81
817     727     82
816     728     83
814     730     84
811     731     85
811     733     86
810     735     87
809     737     88
807     738     89
806     740     90
805     742     91
803     744     92
802     745     93
800     748     94
799     750     95
797     753     96
796     756     97
794     760     98
793     764     99
790     767     100
789     772     101
787     776     102
784     781     103
781     787     104
780     790     105
778     794     106
776     797     107
776     799     108
774     804     109
772     807     110
771     810     111
769     814     112
767     818     113
766     822     114
764     825     115
763     828     116
762     833     117
760     835     118
758     838     119
755     841     120
755     844     121
754     847     122
752     850     123
751     855     124
749     857     125
747     860     126
745     862     127
744     865     128
744     867     129
742     869     130
742     872     131
740     873     132
739     875     133
738     877     134
737     878     135
736     879     136
736     880     137
735     881     138
735     883     139
735     884     140
734     885     141
734     886     142
733     888     143
732     889     144
731     892     145
730     891     146
730     893     147
729     894     148
728     896     149
728     897     150
728     896     151
729     896     152
729     897     153
728     896     154
728     897     155
728     896     156
728     897     157
728     896     158
728     897     159
728     897     160
728     897     161
728     897     162
728     897     163
728     897     164
728     897     165
729     897     166
728     897     167
729     897     168
728     896     169
729     897     170
728     897     171
728     897     172
728     896     173
729     896     174
729     896     175
729     896     176
729     896     177
729     895     178
730     895     179
730     895     180
731     894     181
731     893     182
732     893     183
733     893     184
734     892     185
734     893     186
735     892     187
734     891     188
736     890     189
736     890     190
738     889     191
739     889     192
740     888     193
740     888     194
741     887     195
742     886     196
742     886     197
742     887     198
744     885     199
743     886     200
743     883     201
744     883     202
745     882     203
745     881     204
747     881     205
747     881     206
748     880     207
751     880     208
751     879     209
752     879     210
752     879     211
754     877     212
752     875     213
756     878     214
754     876     215
755     875     216
756     875     217
757     874     218
757     874     219
758     873     220
759     873     221
760     872     222
761     872     223
761     871     224
762     871     225
763     870     226
763     868     227
763     868     228
764     868     229
765     867     230
766     867     231
767     866     232
768     866     233
768     866     234
769     865     235
769     864     236
770     864     237
771     863     238
772     863     239
775     863     240
775     861     241
774     862     242
775     861     243
775     860     244
776     859     245
777     858     246
777     858     247
778     858     248
779     857     249
780     857     250
781     857     251
782     856     252
783     856     253
785     854     254
786     854     255
785     854     256
786     853     257
787     853     258
788     853     259
788     851     260
789     851     261
790     851     262
790     850     263
791     849     264
792     849     265
792     849     266
793     848     267
793     846     268
795     848     269
796     849     270
795     848     271
796     847     272
796     847     273
797     847     274
797     846     275
798     846     276
799     846     277
799     846     278
799     846     279
800     846     280
801     845     281
803     844     282
801     844     283
802     843     284
803     844     285
804     844     286
805     844     287
805     843     288
806     843     289
806     843     290
807     842     291
807     842     292
807     842     293
808     841     294
809     843     295
810     843     296
811     841     297
811     841     298
812     840     299
813     840     300
814     840     301
815     839     302
816     839     303
816     839     304
818     838     305
816     838     306
818     838     307
817     840     308
818     838     309
820     840     310
820     838     311
820     837     312
820     838     313
821     838     314
821     838     315
822     838     316
822     838     317
822     837     318
823     837     319
824     838     320
824     837     321
826     836     322
825     837     323
825     836     324
825     837     325
826     837     326
826     837     327
826     837     328
827     837     329
827     837     330
828     837     331
828     837     332
829     837     333
829     837     334
830     838     335
830     837     336
830     837     337
829     836     338
831     837     339