int top_val={
386 ,
387 ,
386 ,
385 ,
385 ,
385 ,
383 ,
383 ,
383 ,
382 ,
378 ,
384 ,
379 ,
380 ,
375 ,
376 ,
380 ,
376 ,
374 ,
374 ,
373 ,
373 ,
372 ,
373 ,
370 ,
368 ,
374 ,
367 ,
366 ,
371 ,
363 ,
361 ,
362 ,
362 ,
361 ,
360 ,
358 ,
356 ,
357 ,
358 ,
359 ,
343 ,
351 ,
350 ,
350 ,
349 ,
347 ,
347 ,
343 ,
345 ,
344 ,
344 ,
346 ,
344 ,
344 ,
341 ,
341 ,
341 ,
342 ,
345 ,
339 ,
342 ,
341 ,
342 ,
342 ,
343 ,
337 ,
345 ,
343 ,
343 ,
346 ,
346 ,
347 ,
344 ,
354 ,
350 ,
350 ,
345 ,
355 ,
356 ,
359 ,
347 ,
360 ,
359 ,
361 ,
361 ,
365 ,
369 ,
373 ,
368 ,
369 ,
370 ,
371 ,
375 ,
376 ,
375 ,
379 ,
381 ,
382 ,
380 ,
386 ,
387 ,
389 ,
393 ,
392 ,
395 ,
398 ,
395 ,
398 ,
398 ,
401 ,
404 ,
404 ,
406 ,
408 ,
409 ,
410 ,
411 ,
413 ,
416 ,
416 ,
414 ,
415 ,
418 ,
418 ,
420 ,
421 ,
422 ,
423 ,
425 ,
424 ,
426 ,
425 ,
437 ,
427 ,
433 ,
428 ,
430 ,
431 ,
429 ,
431 ,
432 ,
428 ,
432 ,
426 ,
433 ,
431 ,
433 ,
432 ,
438 ,
431 ,
432 ,
432 ,
431 ,
431 ,
433 ,
438 ,
433 ,
430 ,
433 ,
433 ,
433 ,
433 ,
433 ,
435 ,
433 ,
434 ,
435 ,
431 ,
433 ,
434 ,
434 ,
434 ,
434 ,
435 ,
434 ,
435 ,
435 ,
436 ,
434 ,
432 ,
434 ,
434 ,
435 ,
434 ,
435 ,
435 ,
435 ,
435 ,
438 ,
433 ,
434 ,
434 ,
434 ,
435 ,
435 ,
429 ,
435 ,
436 ,
433 ,
440 ,
433 ,
436 ,
435 ,
434 ,
435 ,
435 ,
435 ,
434 ,
435 ,
434 ,
436 ,
431 ,
437 ,
439 ,
438 ,
435 ,
433 ,
435 ,
435 ,
435 ,
435 ,
436 ,
438 ,
437 ,
433 ,
434 ,
435 ,
435 ,
435 ,
435 ,
435 ,
435 ,
436 ,
435 ,
435 ,
437 ,
436 ,
434 ,
435 ,
434 ,
435 ,
434 ,
434 ,
435 ,
435 ,
437 ,
435 ,
432 ,
433 ,
432 ,
433 ,
433 ,
432 ,
432 ,
432 ,
431 ,
430 ,
430 ,
432 ,
431 ,
429 ,
428 ,
428 ,
427 ,
427 ,
424 ,
424 ,
419 ,
422 ,
421 ,
422 ,
427 ,
420 ,
419 ,
420 ,
418 ,
418 ,
417 ,
423 ,
422 ,
415 ,
415 ,
418 ,
415 ,
411 ,
409 ,
411 ,
412 ,
412 ,
411 ,
411 ,
412 ,
407 ,
412 ,
408 ,
409 ,
407 ,
407 ,
407 ,
406 ,
405 ,
406 ,
397 ,
397 ,
402 ,
401 ,
402 ,
401 ,
398 ,
400 ,
399 ,
398 ,
399 ,
397 ,
397 ,
395 ,
396 ,
398 ,
395 ,
393 ,
394 ,
394 ,
394 ,
394 ,
393 ,
393 ,
390 ,
391 ,
392 ,
392 ,
392 ,
391 ,
392 ,
391 ,
391 ,
391 ,
390 ,
390 ,
389 ,
388 ,
388 ,
391 ,
389 ,
386 
}
int bot_val={
829, 
828, 
828, 
827, 
826, 
826, 
824, 
824, 
822, 
821, 
819, 
818, 
817, 
810, 
815, 
814, 
814, 
812, 
811, 
810, 
809, 
808, 
807, 
807, 
804, 
802, 
803, 
800, 
797, 
787, 
792, 
789, 
787, 
784, 
782, 
780, 
775, 
774, 
771, 
769, 
771, 
766, 
759, 
755, 
752, 
750, 
748, 
745, 
742, 
740, 
738, 
736, 
735, 
733, 
730, 
728, 
727, 
725, 
726, 
723, 
720, 
720, 
719, 
719, 
717, 
716, 
717, 
714, 
713, 
714, 
715, 
714, 
714, 
718, 
719, 
716, 
715, 
712, 
717, 
722, 
722, 
725, 
721, 
719, 
722, 
723, 
728, 
725, 
721, 
725, 
729, 
730, 
733, 
734, 
738, 
737, 
739, 
740, 
742, 
747, 
745, 
748, 
750, 
752, 
754, 
758, 
760, 
760, 
762, 
765, 
768, 
768, 
770, 
772, 
774, 
775, 
778, 
780, 
782, 
784, 
785, 
785, 
789, 
790, 
792, 
794, 
795, 
797, 
799, 
800, 
801, 
803, 
804, 
811, 
807, 
808, 
815, 
812, 
814, 
815, 
816, 
816, 
820, 
817, 
822, 
818, 
818, 
818, 
818, 
821, 
819, 
819, 
819, 
819, 
818, 
820, 
815, 
821, 
820, 
821, 
822, 
822, 
823, 
824, 
824, 
824, 
825, 
824, 
824, 
825, 
825, 
825, 
826, 
826, 
825, 
826, 
825, 
827, 
826, 
825, 
825, 
825, 
826, 
826, 
827, 
827, 
827, 
827, 
828, 
828, 
829, 
828, 
828, 
828, 
828, 
828, 
830, 
828, 
828, 
825, 
832, 
827, 
828, 
827, 
828, 
828, 
828, 
828, 
828, 
828, 
828, 
829, 
831, 
829, 
829, 
829, 
828, 
828, 
829, 
828, 
828, 
828, 
828, 
828, 
828, 
827, 
828, 
828, 
828, 
828, 
828, 
828, 
829, 
829, 
828, 
830, 
830, 
828, 
828, 
829, 
828, 
828, 
828, 
829, 
828, 
828, 
828, 
828, 
827, 
827, 
826, 
827, 
827, 
827, 
827, 
827, 
827, 
827, 
827, 
827, 
826, 
826, 
826, 
826, 
826, 
825, 
824, 
825, 
821, 
825, 
825, 
825, 
820, 
824, 
824, 
825, 
825, 
825, 
825, 
829, 
822, 
824, 
824, 
824, 
824, 
824, 
823, 
823, 
824, 
824, 
824, 
824, 
824, 
823, 
824, 
824, 
824, 
824, 
824, 
824, 
825, 
823, 
825, 
828, 
827, 
825, 
825, 
825, 
825, 
825, 
826, 
825, 
826, 
826, 
826, 
826, 
826, 
826, 
827, 
827, 
827, 
827, 
827, 
827, 
828, 
828, 
828, 
828, 
828, 
828, 
830, 
828, 
828, 
829, 
828, 
828, 
829, 
828, 
829, 
829, 
829, 
830, 
829, 
828, 
829

}

const int total = 346, centre = 172;
 return (a-549) * 0.2;
return (1023 - a) * 0.2;

void turn_left(void)
{

  for (int i = 0; i <= centre; i++) //total
  {
    front_left(trace[centre - i]);
    back_right(trace[ i]);

    back_left(trace[centre]);
    front_right(trace[0]);
    delay(3);
  }
  for (int i = 0; i <= centre; i++) //total
  {
    front_left(trace[centre+i]);
    back_right(trace[total-i]);

    back_left(trace[centre]);
    front_right(trace[ 0]);
    delay(3);
  }
}