282     728     0
276     732     1
279     734     2
279     733     3
280     734     4
278     734     5
276     733     6
282     734     7
279     736     8
282     725     9
284     739     10
284     734     11
277     727     12
275     733     13
280     735     14
277     735     15
274     738     16
279     735     17
276     730     18
278     732     19
273     737     20
277     733     21
277     721     22
274     729     23
274     733     24
271     728     25
274     730     26
273     734     27
276     730     28
272     729     29
272     727     30
267     729     31
273     725     32
268     728     33
270     727     34
270     729     35
263     727     36
265     717     37
262     727     38
262     721     39
263     725     40
262     722     41
261     717     42
259     718     43
256     718     44
259     714     45
257     714     46
254     714     47
253     713     48
252     720     49
262     714     50
254     706     51
258     712     52
252     708     53
249     707     54
247     704     55
245     704     56
246     699     57
244     703     58
245     699     59
247     703     60
244     704     61
245     694     62
243     699     63
242     697     64
240     688     65
244     696     66
246     681     67
232     693     68
238     685     69
243     682     70
244     682     71
237     686     72
243     672     73
246     676     74
236     682     75
238     684     76
238     679     77
240     672     78
244     670     79
242     670     80
238     673     81
239     666     82
239     668     83
237     667     84
239     662     85
234     658     86
234     669     87
238     665     88
232     668     89
234     660     90
237     659     91
237     655     92
235     657     93
237     657     94
235     657     95
239     658     96
237     652     97
240     650     98
239     648     99
238     650     100
236     638     101
237     646     102
235     649     103
233     643     104
233     646     105
239     639     106
234     640     107
238     635     108
237     639     109
237     638     110
237     636     111
237     640     112
241     631     113
238     633     114
240     631     115
236     633     116
238     633     117
239     633     118
234     631     119
245     621     120
244     623     121
239     627     122
240     621     123
235     627     124
238     624     125
236     624     126
238     627     127
239     620     128
240     620     129
239     621     130
238     624     131
243     615     132
241     614     133
244     608     134
239     612     135
247     609     136
247     612     137
244     613     138
240     612     139
240     613     140
243     611     141
242     612     142
245     610     143
245     607     144
243     609     145
243     605     146
245     608     147
243     606     148
244     607     149
248     598     150
252     607     151
249     596     152
248     602     153
245     596     154
245     595     155
247     595     156
249     596     157
247     595     158
250     592     159
250     592     160
250     591     161
251     594     162
251     594     163
253     585     164
256     586     165
253     588     166
257     585     167
253     582     168
255     590     169
254     590     170
257     586     171
261     584     172
257     585     173
259     584     174
263     581     175
259     586     176
261     590     177
265     588     178
268     585     179
267     586     180
271     579     181
270     580     182
268     586     183
269     583     184
271     585     185
272     584     186
278     586     187
277     587     188
277     588     189
283     582     190
286     589     191
278     585     192
277     590     193
286     590     194
283     587     195
283     594     196
289     590     197
291     587     198
291     589     199
292     593     200
294     595     201
291     600     202
295     597     203
295     596     204
303     592     205
299     602     206
301     607     207
301     605     208
304     605     209
306     608     210
305     608     211
312     607     212
315     609     213
322     614     214
321     615     215
312     616     216
313     618     217
318     623     218
321     628     219
322     620     220
324     626     221
321     619     222
326     629     223
326     630     224
327     645     225
327     638     226
334     640     227
326     638     228
331     638     229
335     640     230
336     642     231
338     648     232
339     645     233
337     642     234
340     648     235
341     653     236
344     648     237
343     650     238
345     656     239
344     657     240
342     658     241
348     665     242
343     662     243
346     664     244
346     662     245
349     666     246
347     675     247
351     670     248
355     672     249
351     670     250
353     672     251
358     671     252
350     679     253
355     678     254
356     680     255
355     680     256
358     680     257
358     686     258
356     686     259
362     688     260
366     692     261
365     694     262
361     687     263
365     693     264
363     698     265
359     695     266
367     700     267
367     701     268
365     701     269
364     698     270
366     705     271
371     709     272
362     709     273
374     706     274
363     705     275
366     713     276
371     711     277
365     712     278
367     711     279
371     710     280
374     712     281
369     716     282
372     716     283
372     718     284
375     717     285
372     713     286
370     718     287
371     715     288
373     717     289
367     722     290
370     717     291
369     716     292
371     713     293
368     719     294
370     712     295
368     714     296
370     716     297
367     714     298
362     716     299
363     720     300
364     717     301
368     710     302
363     715     303
362     710     304
363     714     305
358     714     306
359     711     307
360     712     308
360     712     309
354     716     310
357     713     311
355     713     312
353     712     313
356     708     314
353     714     315
353     713     316
353     711     317
355     714     318
345     716     319
344     717     320
356     715     321
351     712     322
357     716     323
350     717     324
353     713     325
357     718     326
350     714     327
354     718     328
354     716     329
349     717     330
352     716     331
349     721     332
357     714     333
345     720     334
347     720     335
345     720     336
341     712     337
345     718     338
341     717     339
340     714     340
342     715     341
338     721     342
336     723     343
338     719     344
330     718     345
330     718     346
335     716     347
332     718     348
324     720     349
320     723     350
328     713     351
328     712     352
322     723     353
325     713     354
335     711     355
317     712     356
324     717     357
323     710     358
322     722     359
318     717     360
319     713     361
311     721     362
319     718     363
316     719     364
312     714     365
311     718     366
304     722     367
312     717     368
307     720     369
305     710     370
312     710     371
306     716     372
308     712     373
303     716     374
304     717     375
308     714     376
303     709     377
302     715     378
299     720     379
305     713     380
300     716     381
300     720     382
301     722     383
302     711     384
299     721     385
293     718     386
297     717     387
292     718     388
294     718     389
298     715     390
297     712     391
287     718     392
290     719     393
291     712     394
289     717     395
289     715     396
292     715     397
295     710     398
290     714     399
288     711     400
284     717     401
292     717     402
290     717     403
286     717     404
284     717     405
289     718     406
286     719     407
285     715     408
284     716     409
283     718     410
283     723     411
284     717     412
279     721     413
283     720     414
286     717     415
287     715     416
277     729     417
279     724     418
277     722     419
282     722     420
282     724     421
278     726     422
280     726     423
281     722     424
273     727     425
278     727     426
280     718     427
275     722     428
279     724     429
275     722     430
280     721     431
277     723     432
274     731     433
273     726     434
277     728     435
275     725     436
280     730     437
283     718     438
274     736     439
271     732     440
269     723     441
274     731     442
274     730     443
278     728     444
273     727     445
276     731     446
273     726     447
275     723     448
276     727     449
274     730     450
272     734     451
272     734     452
264     734     453
269     725     454
272     730     455
269     734     456
273     733     457
270     732     458
277     728     459
270     731     460
273     729     461
272     723     462
274     730     463
272     731     464
277     735     465
265     734     466
268     733     467
273     728     468
274     730     469
267     730     470
272     729     471
270     730     472
272     728     473
273     726     474
271     726     475
272     732     476
274     729     477
274     735     478
276     739     479
268     732     480
270     732     481
274     729     482
273     728     483
272     728     484
271     735     485
271     731     486
276     731     487
270     731     488
272     726     489
272     733     490
276     731     491
272     725     492
268     731     493
269     730     494
272     730     495
270     730     496
272     734     497
275     730     498
279     729     499
272     731     500
271     729     501
274     733     502
275     728     503
276     726     504
274     730     505
284     731     506
268     735     507
271     730     508
273     729     509
267     722     510
269     738     511
275     727     512
273     732     513
273     724     514
276     729     515
273     724     516
274     733     517
275     731     518
278     738     519
280     736     520
272     723     521
272     720     522