int top_val[]={
353 ,
355 ,
353 ,
355 ,
350 ,
352 ,
356 ,
356 ,
354 ,
357 ,
352 ,
356 ,
357 ,
350 ,
354 ,
353 ,
356 ,
350 ,
349 ,
349 ,
350 ,
354 ,
352 ,
350 ,
347 ,
350 ,
348 ,
352 ,
347 ,
351 ,
349 ,
350 ,
344 ,
344 ,
350 ,
347 ,
350 ,
348 ,
347 ,
347 ,
345 ,
344 ,
346 ,
346 ,
346 ,
343 ,
342 ,
342 ,
338 ,
342 ,
340 ,
339 ,
342 ,
335 ,
340 ,
338 ,
337 ,
338 ,
335 ,
338 ,
330 ,
335 ,
329 ,
330 ,
333 ,
329 ,
330 ,
324 ,
325 ,
325 ,
327 ,
323 ,
324 ,
325 ,
321 ,
323 ,
322 ,
317 ,
325 ,
321 ,
326 ,
322 ,
319 ,
315 ,
317 ,
316 ,
320 ,
315 ,
312 ,
310 ,
309 ,
310 ,
308 ,
308 ,
307 ,
302 ,
305 ,
305 ,
301 ,
307 ,
304 ,
306 ,
303 ,
307 ,
306 ,
304 ,
304 ,
304 ,
306 ,
298 ,
301 ,
298 ,
296 ,
297 ,
301 ,
303 ,
294 ,
297 ,
295 ,
298 ,
295 ,
292 ,
296 ,
293 ,
297 ,
298 ,
295 ,
294 ,
294 ,
296 ,
296 ,
296 ,
293 ,
298 ,
298 ,
294 ,
300 ,
295 ,
298 ,
295 ,
297 ,
297 ,
299 ,
295 ,
301 ,
296 ,
299 ,
296 ,
299 ,
299 ,
296 ,
300 ,
299 ,
299 ,
301 ,
303 ,
302 ,
304 ,
300 ,
303 ,
303 ,
305 ,
307 ,
304 ,
305 ,
309 ,
310 ,
308 ,
309 ,
313 ,
309 ,
316 ,
309 ,
312 ,
310 ,
314 ,
320 ,
310 ,
315 ,
315 ,
321 ,
320 ,
317 ,
318 ,
314 ,
317 ,
317 ,
319 ,
318 ,
322 ,
322 ,
319 ,
326 ,
326 ,
326 ,
327 ,
327 ,
324 ,
324 ,
328 ,
329 ,
327 ,
325 ,
330 ,
327 ,
328 ,
331 ,
332 ,
335 ,
328 ,
333 ,
334 ,
328 ,
334 ,
337 ,
337 ,
340 ,
338 ,
342 ,
341 ,
335 ,
341 ,
342 ,
347 ,
339 ,
341 ,
344 ,
347 ,
350 ,
349 ,
348 ,
350 ,
352 ,
347 ,
357 ,
356 ,
352 ,
356 ,
358 ,
352 ,
354 ,
359 ,
356 ,
357 ,
360 ,
360 ,
368 ,
365 ,
362 ,
364 ,
366 ,
367 ,
367 ,
370 ,
363 ,
366 ,
366 ,
367 ,
365 ,
368 ,
370 ,
373 ,
372 ,
370 ,
374 ,
372 ,
371 ,
378 ,
371 ,
374 ,
376 ,
375 ,
375 ,
373 ,
377 ,
381 ,
375 ,
380 ,
377 ,
377 ,
379 ,
376 ,
380 ,
379 ,
379 ,
376 ,
382 ,
384 ,
378 ,
382 ,
374 ,
376 ,
380 ,
380 ,
377 ,
377 ,
374 ,
378 ,
374 ,
372 ,
375 ,
374 ,
380 ,
376 ,
373 ,
373 ,
372 ,
372 ,
367 ,
370 ,
363 ,
367 ,
367 ,
365 ,
366 ,
362 ,
363 ,
365 ,
364 ,
360 ,
360 ,
360 ,
365 ,
361 ,
363 ,
357 ,
360 ,
360 ,
364 ,
361 ,
358 ,
365 ,
358 ,
358 ,
361 ,
363 ,
362 ,
363 ,
362 ,
360 ,
367 ,
363 ,
362 ,
363 ,
361 ,
364 ,
360 ,
361 ,
363 ,
361 ,
360 ,
364 ,
361 ,
362 ,
362 ,
357 ,
361 ,
360 ,
361 ,
358 ,
357 ,
359 ,
358 ,
361 ,
361 ,
356 ,
358 ,
360 ,
356 ,
354 ,
357 ,
354 ,
359 ,
355 ,
358 ,
362 ,
361 ,
357 ,
356 ,
356 ,
355 ,
358 ,
352 ,
360 ,
359 ,
353 ,
353 ,
356 ,
353 ,
357 ,
351 ,
353 ,
352 ,
351 ,
349 ,
351 ,
354 ,
351 ,
348 ,
349 ,
353 ,
353 ,
350 ,
355 ,
350 ,
354 ,
351 ,
351 ,
353 ,
350 ,
349 ,
351 ,
350 ,
353 ,
349 ,
353 ,
348 ,
347 ,
351 ,
351 ,
352 ,
354 ,
352 ,
352 ,
350 ,
346 ,
346 ,
347 ,
345 ,
353 ,
350 ,
343 ,
347 ,
346 ,
352 ,
348 ,
347 ,
345 ,
345 ,
351 ,
354 ,
345 ,
349 ,
345 ,
347 ,
347 ,
353 ,
348 ,
345 ,
346 ,
348 ,
348 ,
347 ,
348 ,
350 ,
351 ,
348 ,
349 ,
346 ,
354 ,
345 ,
350 ,
351 ,
353 ,
350 ,
350 ,
346 ,
348 ,
352 ,
351 ,
346 ,
351 ,
352 ,
351 ,
352 ,
352 ,
351 ,
350 ,
352 ,
345 ,
348 ,
352 ,
351 ,
345 ,
355 ,
348 ,
348 ,
347 ,
349 ,
349 ,
349 ,
347 ,
348 ,
350 ,
348 ,
350 ,
345 ,
350 ,
347 ,
351 ,
350 ,
349 ,
347 ,
354 ,
350 ,
348 ,
352 ,
352 ,
348 ,
351 ,
344 ,
350 ,
352 ,
348 ,
353 ,
351 ,
350 ,
351 ,
351 ,
348 ,
350 ,
350 ,
349 ,
355 ,
350 ,
353 ,
348 ,
349 ,
349 ,
354 ,
352 ,
349 ,
343 ,
351 ,
349 ,
351 ,
352 ,
349 ,
351 ,
349 ,
345 ,
352 ,
348 ,
346 ,
351 ,
347 ,
344 ,
347 ,
351 ,
348 ,
350 ,
348 

};
newwwwwwwwwwwwwwwwwwwwwwwwwwwwwww    
int bot_val[]={
893, 
888, 
888, 
887, 
886, 
890, 
889, 
887, 
884, 
883, 
883, 
885, 
887, 
887, 
885, 
886, 
885, 
886, 
889, 
885, 
884, 
880, 
879, 
882, 
883, 
878, 
880, 
878, 
876, 
877, 
877, 
880, 
877, 
879, 
875, 
877, 
871, 
875, 
869, 
872, 
875, 
878, 
871, 
874, 
867, 
870, 
866, 
867, 
864, 
866, 
869, 
861, 
861, 
860, 
861, 
857, 
860, 
856, 
859, 
856, 
853, 
855, 
850, 
849, 
844, 
845, 
846, 
848, 
844, 
844, 
846, 
843, 
843, 
845, 
843, 
846, 
842, 
844, 
837, 
837, 
835, 
836, 
833, 
837, 
835, 
831, 
828, 
829, 
825, 
825, 
822, 
821, 
822, 
817, 
816, 
817, 
815, 
813, 
815, 
814, 
810, 
808, 
807, 
806, 
806, 
805, 
802, 
800, 
798, 
797, 
797, 
797, 
797, 
799, 
790, 
794, 
797, 
784, 
790, 
786, 
786, 
787, 
782, 
784, 
778, 
781, 
781, 
778, 
777, 
776, 
772, 
774, 
775, 
773, 
774, 
774, 
768, 
771, 
766, 
771, 
767, 
771, 
768, 
765, 
766, 
766, 
765, 
764, 
766, 
761, 
762, 
760, 
763, 
758, 
762, 
762, 
757, 
758, 
761, 
757, 
759, 
759, 
759, 
756, 
759, 
757, 
756, 
760, 
757, 
759, 
755, 
755, 
758, 
758, 
756, 
758, 
753, 
760, 
757, 
761, 
756, 
756, 
754, 
755, 
762, 
757, 
760, 
756, 
764, 
760, 
757, 
761, 
756, 
759, 
757, 
759, 
761, 
761, 
757, 
759, 
761, 
760, 
763, 
762, 
760, 
760, 
762, 
764, 
767, 
769, 
766, 
768, 
763, 
761, 
768, 
763, 
769, 
770, 
772, 
767, 
769, 
769, 
773, 
772, 
778, 
777, 
776, 
779, 
775, 
780, 
783, 
782, 
781, 
785, 
789, 
786, 
791, 
788, 
791, 
793, 
799, 
798, 
794, 
797, 
800, 
798, 
797, 
802, 
803, 
807, 
805, 
806, 
811, 
804, 
811, 
813, 
807, 
811, 
814, 
810, 
816, 
816, 
815, 
818, 
821, 
825, 
821, 
824, 
823, 
826, 
821, 
825, 
826, 
829, 
831, 
826, 
834, 
832, 
833, 
834, 
834, 
836, 
838, 
835, 
834, 
836, 
833, 
834, 
842, 
836, 
842, 
843, 
838, 
842, 
838, 
839, 
838, 
844, 
843, 
837, 
838, 
840, 
836, 
843, 
837, 
838, 
839, 
837, 
837, 
842, 
835, 
838, 
840, 
839, 
839, 
841, 
839, 
839, 
837, 
841, 
844, 
842, 
840, 
841, 
843, 
850, 
849, 
850, 
844, 
849, 
850, 
843, 
849, 
850, 
851, 
852, 
851, 
850, 
856, 
849, 
850, 
854, 
853, 
857, 
857, 
853, 
857, 
859, 
860, 
862, 
858, 
857, 
858, 
857, 
853, 
858, 
857, 
859, 
855, 
859, 
858, 
862, 
862, 
862, 
862, 
861, 
859, 
864, 
861, 
863, 
868, 
864, 
858, 
865, 
863, 
864, 
859, 
860, 
867, 
861, 
868, 
861, 
868, 
871, 
862, 
867, 
865, 
865, 
864, 
865, 
863, 
867, 
867, 
868, 
868, 
862, 
863, 
865, 
865, 
871, 
869, 
866, 
871, 
868, 
872, 
874, 
865, 
870, 
870, 
872, 
871, 
872, 
869, 
874, 
871, 
868, 
870, 
872, 
873, 
869, 
868, 
875, 
872, 
873, 
872, 
876, 
876, 
877, 
879, 
872, 
873, 
876, 
873, 
876, 
875, 
872, 
877, 
877, 
879, 
879, 
872, 
876, 
877, 
875, 
879, 
879, 
876, 
880, 
878, 
880, 
878, 
880, 
875, 
876, 
878, 
875, 
875, 
877, 
877, 
874, 
879, 
878, 
876, 
878, 
878, 
875, 
880, 
879, 
881, 
877, 
883, 
879, 
875, 
876, 
878, 
877, 
880, 
872, 
879, 
883, 
878, 
879, 
875, 
877, 
876, 
879, 
879, 
882, 
879, 
875, 
872, 
878, 
879, 
878, 
878, 
876, 
882, 
880, 
884, 
881, 
878, 
880, 
881, 
876, 
880, 
880, 
879, 
879, 
881, 
881, 
880, 
879, 
877, 
880, 
881, 
879, 
879, 
878, 
879, 
881, 
874, 
877, 
882, 
874, 
882, 
879, 
883, 
882, 
882, 
878, 
877, 
880, 
881, 
879, 
880, 
874, 
880, 
879, 
875, 
881, 
881, 
875, 
881, 
870, 
875, 
877, 
881, 
882, 
877, 
885, 
879, 
881
};
pot val =433
centre at 305
total val 552