920     852     0
922     851     1
925     845     2
924     842     3
927     839     4
928     835     5
930     832     6
932     829     7
936     820     8
938     825     9
935     809     10
938     815     11
941     809     12
942     806     13
944     804     14
943     798     15
945     795     16
945     794     17
947     790     18
948     784     19
947     782     20
951     774     21
951     779     22
952     773     23
953     768     24
952     768     25
953     767     26
953     763     27
953     762     28
954     758     29
953     754     30
954     753     31
953     750     32
953     754     33
952     745     34
952     744     35
953     747     36
949     740     37
949     737     38
947     736     39
947     732     40
946     732     41
945     729     42
945     727     43
944     727     44
944     725     45
943     723     46
941     720     47
940     719     48
940     720     49
939     718     50
938     714     51
938     711     52
937     714     53
936     711     54
935     711     55
933     710     56
931     709     57
929     708     58
928     709     59
927     706     60
927     706     61
926     708     62
925     706     63
923     706     64
923     706     65
921     706     66
920     704     67
919     705     68
915     711     69
915     704     70
915     706     71
912     702     72
912     703     73
911     704     74
910     704     75
908     705     76
906     706     77
906     708     78
903     707     79
903     710     80
903     715     81
899     712     82
897     712     83
894     712     84
893     713     85
893     717     86
891     717     87
889     719     88
888     720     89
887     723     90
886     724     91
882     721     92
884     728     93
882     730     94
881     733     95
878     738     96
876     738     97
874     742     98
873     743     99
871     748     100
870     750     101
869     755     102
867     760     103
867     763     104
863     762     105
861     766     106
860     767     107
859     772     108
857     773     109
854     776     110
853     780     111
851     782     112
849     785     113
849     789     114
847     791     115
847     793     116
846     796     117
844     797     118
842     798     119
842     803     120
841     804     121
839     806     122
838     807     123
836     811     124
835     812     125
835     814     126
835     816     127
833     819     128
833     822     129
831     824     130
830     825     131
829     828     132
828     830     133
828     832     134
826     835     135
826     837     136
825     838     137
825     839     138
818     845     139
822     844     140
821     847     141
822     843     142
823     843     143
822     844     144
822     844     145
822     846     146
823     844     147
822     845     148
823     845     149
823     844     150
823     844     151
821     843     152
824     844     153
824     844     154
824     845     155
824     844     156
825     843     157
825     843     158
825     844     159
825     843     160
826     844     161
826     844     162
826     843     163
826     844     164
827     844     165
828     844     166
824     848     167
829     848     168
829     843     169
828     845     170
830     845     171
830     843     172
831     843     173
831     844     174
831     844     175
831     844     176
832     846     177
833     845     178
833     844     179
836     849     180
838     842     181
835     843     182
834     845     183
835     845     184
833     845     185
835     846     186
837     846     187
836     845     188
837     846     189
837     846     190
838     844     191
839     846     192
836     849     193
838     844     194
842     848     195
841     847     196
841     848     197
842     845     198
843     848     199
843     848     200
843     849     201
844     848     202
844     850     203
845     849     204
848     844     205
846     850     206
847     850     207
848     850     208
847     850     209
849     851     210
848     851     211
848     851     212
849     852     213
849     851     214
850     852     215
854     847     216
853     848     217
851     854     218
851     854     219
850     856     220
850     854     221
852     856     222
851     857     223
853     856     224
854     857     225
853     857     226
853     858     227
855     858     228
856     854     229
854     857     230
854     858     231
856     858     232
856     858     233
857     859     234
861     861     235
856     858     236
859     859     237
858     861     238
858     861     239
859     862     240
859     862     241
859     862     242
860     863     243
858     865     244
860     864     245
860     865     246
860     864     247
859     864     248
861     866     249
862     866     250
862     867     251
862     868     252
862     869     253
866     866     254
863     871     255
861     876     256
863     873     257
863     874     258
861     877     259
863     875     260
863     876     261
864     878     262
863     878     263
864     879     264
864     880     265
864     880     266
863     879     267
865     883     268
863     883     269
864     884     270
865     884     271
865     886     272
866     885     273
866     888     274
864     888     275
865     889     276
865     889     277
864     890     278
865     890     279
864     892     280
865     892     281
865     892     282
865     893     283
863     896     284
865     895     285
864     896     286
865     897     287
865     898     288
865     898     289
865     899     290
865     901     291
864     901     292
864     902     293
865     903     294
866     906     295
868     906     296
860     905     297
864     907     298
865     907     299
864     908     300
864     909     301
864     910     302
864     910     303
864     912     304
864     913     305
863     915     306
863     916     307
863     917     308
862     919     309
863     921     310
863     922     311
863     923     312
862     925     313
863     927     314
862     927     315
861     929     316
861     931     317
861     932     318
861     934     319
861     934     320
860     936     321
861     937     322
861     938     323
860     939     324
860     940     325
859     941     326
860     941     327
859     943     328
859     944     329
858     945     330
859     946     331
858     947     332
858     946     333
859     946     334
858     945     335
859     946     336
860     944     337
860     944     338
861     941     339
863     940     340
862     939     341
864     937     342
865     935     343
867     932     344
871     933     345
870     928     346
871     927     347
872     924     348
874     921     349
876     918     350
878     916     351
881     913     352
884     911     353
885     908     354
886     907     355
885     898     356
890     898     357
895     900     358
892     893     359
897     890     360
900     887     361
902     883     362
905     879     363
907     874     364
910     872     365
912     867     366
916     863     367
920     857     368