int top_val[] = {590 ,
                 590 ,
                 590 ,
                 590 ,
                 589 ,
                 589 ,
                 595 ,
                 596 ,
                 597 ,
                 602 ,
                 609 ,
                 621 ,
                 621 ,
                 624 ,
                 627 ,
                 630 ,
                 638 ,
                 637 ,
                 647 ,
                 649 ,
                 650 ,
                 653 ,
                 658 ,
                 659 ,
                 664 ,
                 667 ,
                 671 ,
                 672 ,
                 673 ,
                 684 ,
                 679 ,
                 683 ,
                 684 ,
                 686 ,
                 688 ,
                 691 ,
                 695 ,
                 697 ,
                 701 ,
                 701 ,
                 704 ,
                 707 ,
                 708 ,
                 712 ,
                 714 ,
                 715 ,
                 717 ,
                 723 ,
                 722 ,
                 725 ,
                 730 ,
                 738 ,
                 730 ,
                 733 ,
                 733 ,
                 739 ,
                 737 ,
                 756 ,
                 787 ,
                 803 ,
                 804 ,
                 809 ,
                 813 ,
                 810 ,
                 812 ,
                 811 ,
                 812 ,
                 811 ,
                 810 ,
                 809 ,
                 809 ,
                 807 ,
                 806 ,
                 804 ,
                 803 ,
                 799 ,
                 789 ,
                 786 ,
                 779 ,
                 764 ,
                 751 ,
                 737 ,
                 722 ,
                 708 ,
                 693 ,
                 679 ,
                 668 ,
                 649 ,
                 642 ,
                 627 ,
                 612 ,
                 609 ,
                 587 ,
                 595 ,
                 575 ,
                 569 ,
                 566 ,
                 569 ,
                 555 ,
                 554 ,
                 547 ,
                 543 ,
                 533 ,
                 531 ,
                 530 ,
                 527 ,
                 524 ,
                 523 ,
                 519 ,
                 519 ,
                 519 ,
                 517 ,
                 526 ,
                 529 ,
                 547 ,
                 547 ,
                 549 ,
                 556 ,
                 560 ,
                 570 ,
                 569 ,
                 578 ,
                 582 ,
                 584
                };

int bot_val[] = {
  31  ,
  31  ,
  30  ,
  30  ,
  29  ,
  30  ,
  34  ,
  38  ,
  32  ,
  41  ,
  39  ,
  52  ,
  46  ,
  51  ,
  61  ,
  54  ,
  58  ,
  54  ,
  30  ,
  61  ,
  55  ,
  59  ,
  64  ,
  64  ,
  61  ,
  65  ,
  71  ,
  73  ,
  71  ,
  92  ,
  70  ,
  68  ,
  68  ,
  70  ,
  72  ,
  79  ,
  73  ,
  76  ,
  77  ,
  72  ,
  75  ,
  76  ,
  73  ,
  71  ,
  73  ,
  72  ,
  72  ,
  72  ,
  68  ,
  66  ,
  77  ,
  80  ,
  70  ,
  75  ,
  67  ,
  65  ,
  65  ,
  63  ,
  119 ,
  140 ,
  143 ,
  160 ,
  165 ,
  168 ,
  167 ,
  174 ,
  174 ,
  182 ,
  187 ,
  198 ,
  202 ,
  207 ,
  216 ,
  223 ,
  223 ,
  226 ,
  226 ,
  226 ,
  231 ,
  227 ,
  219 ,
  215 ,
  208 ,
  200 ,
  171 ,
  180 ,
  171 ,
  157 ,
  151 ,
  137 ,
  119 ,
  114 ,
  99  ,
  76  ,
  71  ,
  64  ,
  59  ,
  62  ,
  40  ,
  39  ,
  30  ,
  22  ,
  0 ,
  0 ,
  0 ,
  0 ,
  0 ,
  0 ,
  0 ,
  0 ,
  0 ,
  0 ,
  0 ,
  0 ,
  0 ,
  8 ,
  10  ,
  22  ,
  15  ,
  22  ,
  36  ,
  60  ,
  36  ,
  38
};