0     590     31
1     590     31
2     590     30
3     590     30
4     589     29
5     589     30
6     595     34
7     596     38
8     597     32
9     602     41
10     609     39
11     621     52
12     621     46
13     624     51
14     627     61
15     630     54
16     638     58
17     637     54
18     647     30
19     649     61
20     650     55
21     653     59
22     658     64
23     659     64
24     664     61
25     667     65
26     671     71
27     672     73
28     673     71
29     684     92
30     679     70
31     683     68
32     684     68
33     686     70
34     688     72
35     691     79
36     695     73
37     697     76
38     701     77
39     701     72
40     704     75
41     707     76
42     708     73
43     712     71
44     714     73
45     715     72
46     717     72
47     723     72
48     722     68
49     725     66
50     730     77
51     738     80
52     730     70
53     733     75
54     733     67
55     739     65
56     737     65
57     756     63
58     787     119
59     803     140
60     804     143
61     809     160
62     813     165
63     810     168
64     812     167
65     811     174
66     812     174
67     811     182
68     810     187
69     809     198
70     809     202
71     807     207
72     806     216
73     804     223
74     803     223
75     799     226
76     789     226
77     786     226
78     779     231
79     764     227
80     751     219
81     737     215
82     722     208
83     708     200
84     693     171
85     679     180
86     668     171
87     649     157
88     642     151
89     627     137
90     612     119
91     609     114
92     587     99
93     595     76
94     575     71
95     569     64
96     566     59
97     569     62
98     555     40
99     554     39
100     547     30
101     543     22
102     533     0
103     531     0
104     530     0
105     527     0
106     524     0
107     523     0
108     519     0
109     519     0
110     519     0
111     517     0
112     526     0
113     529     0
114     547     0
115     547     8
116     549     10
117     556     22
118     560     15
119     570     22
120     569     36
121     578     60
122     582     36
123     584     38
124     598     45
125     611     51
126     620     57
127     631     61
128     636     63
129     637     61
130     643     71
131     652     69
132     654     68
133     661     71
134     667     75
135     671     68
136     672     97
137     681     71
138     682     71
139     684     72
140     690     72
141     695     73
142     701     74
143     703     81
144     704     72
145     712     78
146     717     73
147     718     78
148     722     67
149     725     79
150     728     71
151     731     72
152     734     72
153     736     70
154     739     75
155     739     68
156     759     99
157     748     100
158     766     91
159     780     104
160     800     129
161     807     140
162     818     165
163     819     169
164     823     171
165     823     202
166     820     175
167     826     211
168     817     224
169     830     201
170     821     215
171     817     211
172     815     215
173     815     214
174     806     218
175     800     221
176     779     241
177     779     223
178     774     221
179     747     225
180     744     214
181     740     213
182     724     203
183     709     193
184     688     179
185     689     188
186     677     172
187     673     168
188     665     160
189     656     139
190     644     146
191     625     127
192     619     121
193     615     116
194     611     111
195     597     97
196     592     88
197     588     83
198     582     77
199     564     220
200     563     136
201     559     40
202     551     45

1     590     31
2     590     30
3     590     30
4     589     29
5     589     30
6     595     34
7     596     38
8     597     32
9     602     41
10     609     39
11     621     52
12     621     46
13     624     51
14     627     61
15     630     54
16     638     58
17     637     54
18     647     30
19     649     61
20     650     55
21     653     59
22     658     64
23     659     64
24     664     61
25     667     65
26     671     71
27     672     73
28     673     71
29     684     92
30     679     70
31     683     68
32     684     68
33     686     70
34     688     72
35     691     79
36     695     73
37     697     76
38     701     77
39     701     72
40     704     75
41     707     76
42     708     73
43     712     71
44     714     73
45     715     72
46     717     72
47     723     72
48     722     68
49     725     66
50     730     77
51     738     80
52     730     70
53     733     75
54     733     67
55     739     65
56     737     65
57     756     63
58     787     119
59     803     140
60     804     143
61     809     160
62     813     165
63     810     168
64     812     167
65     811     174
66     812     174
67     811     182
68     810     187
69     809     198
70     809     202
71     807     207
72     806     216
73     804     223
74     803     223
75     799     226
76     789     226
77     786     226
78     779     231
79     764     227
80     751     219
81     737     215
82     722     208
83     708     200
84     693     171
85     679     180
86     668     171
87     649     157
88     642     151
89     627     137
90     612     119
91     609     114
92     587     99
93     595     76
94     575     71
95     569     64
96     566     59
97     569     62
98     555     40
99     554     39
100     547     30
101     543     22
102     533     0
103     531     0
104     530     0
105     527     0
106     524     0
107     523     0
108     519     0
109     519     0
110     519     0
111     517     0
112     526     0
113     529     0
114     547     0
115     547     8
116     549     10
117     556     22
118     560     15
119     570     22
120     569     36
121     578     60
122     582     36
123     584     38
124     598     45
125     611     51
126     620     57
127     631     61
128     636     63
129     637     61
130     643     71
131     652     69
132     654     68
133     661     71
134     667     75
135     671     68
136     672     97
137     681     71
138     682     71
139     684     72
140     690     72
141     695     73
142     701     74
143     703     81
144     704     72
145     712     78
146     717     73
147     718     78
148     722     67
149     725     79
150     728     71
151     731     72
152     734     72
153     736     70
154     739     75
155     739     68
156     759     99
157     748     100
158     766     91
159     780     104
160     800     129
161     807     140
162     818     165
163     819     169
164     823     171
165     823     202
166     820     175
167     826     211
168     817     224
169     830     201
170     821     215
171     817     211
172     815     215
173     815     214
174     806     218
175     800     221
176     779     241
177     779     223
178     774     221
179     747     225
180     744     214
181     740     213
182     724     203
183     709     193
184     688     179
185     689     188
186     677     172
187     673     168
188     665     160
189     656     139
190     644     146
191     625     127
192     619     121
193     615     116
194     611     111
195     597     97
196     592     88
197     588     83
198     582     77
199     564     220
200     563     136
201     559     40
202     551     45
