
//utha ke rakhne wala piche ke pair ko

int top_val[]={
414 ,
414 ,
412 ,
412 ,
411 ,
413 ,
405 ,
412 ,
405 ,
407 ,
406 ,
405 ,
408 ,
407 ,
404 ,
405 ,
405 ,
402 ,
401 ,
400 ,
400 ,
405 ,
396 ,
397 ,
398 ,
390 ,
392 ,
394 ,
393 ,
386 ,
381 ,
385 ,
377 ,
383 ,
377 ,
378 ,
374 ,
376 ,
370 ,
374 ,
364 ,
368 ,
362 ,
363 ,
363 ,
362 ,
358 ,
356 ,
354 ,
354 ,
353 ,
354 ,
343 ,
340 ,
344 ,
337 ,
338 ,
332 ,
330 ,
328 ,
321 ,
324 ,
321 ,
327 ,
317 ,
316 ,
313 ,
304 ,
305 ,
303 ,
301 ,
298 ,
294 ,
291 ,
286 ,
290 ,
283 ,
278 ,
269 ,
273 ,
269 ,
258 ,
260 ,
255 ,
256 ,
261 ,
246 ,
240 ,
242 ,
242 ,
229 ,
229 ,
233 ,
237 ,
229 ,
225 ,
227 ,
224 ,
224 ,
221 ,
213 ,
214 ,
208 ,
213 ,
210 ,
211 ,
207 ,
213 ,
214 ,
213 ,
206 ,
205 ,
200 ,
202 ,
206 ,
203 ,
195 ,
203 ,
196 ,
195 ,
194 ,
196 ,
195 ,
199 ,
192 ,
200 ,
188 ,
194 ,
187 ,
190 ,
193 ,
196 ,
194 ,
188 ,
184 ,
189 ,
183 ,
186 ,
187 ,
189 ,
192 ,
193 ,
185 ,
189 ,
192 ,
179 ,
191 ,
191 ,
187 ,
177 ,
188 ,
182 ,
187 ,
185 ,
182 ,
191 ,
188 ,
189 ,
185 ,
195 ,
187 ,
176 ,
180 ,
186 ,
180 ,
188 ,
186 ,
189 ,
178 ,
188 ,
185 ,
198 ,
181 ,
184 ,
189 ,
197 ,
198 ,
192 ,
187 ,
192 ,
203 ,
193 ,
193 ,
192 ,
195 ,
199 ,
199 ,
199 ,
201 ,
205 ,
211 ,
202 ,
206 ,
207 ,
212 ,
201 ,
218 ,
207 ,
206 ,
211 ,
222 ,
219 ,
214 ,
221 ,
221 ,
220 ,
221 ,
225 ,
227 ,
228 ,
230 ,
228 ,
239 ,
237 ,
232 ,
233 ,
241 ,
236 ,
244 ,
250 ,
240 ,
235 ,
242 ,
242 ,
243 ,
244 ,
246 ,
247 ,
251 ,
257 ,
244 ,
249 ,
250 ,
255 ,
260 ,
256 ,
256 ,
258 ,
258 ,
258 ,
264 ,
261 ,
270 ,
267 ,
273 ,
267 ,
271 ,
268 ,
267 ,
267 ,
271 ,
271 ,
269 ,
272 ,
275 ,
270 ,
272 ,
258 ,
273 ,
269 ,
271 ,
279 ,
276 ,
278 ,
283 ,
285 ,
282 ,
280 ,
287 ,
282 ,
293 ,
292 ,
285 ,
287 ,
287 ,
285 ,
288 ,
288 ,
283 ,
289 ,
286 ,
287 ,
297 ,
289 ,
290 ,
291 ,
288 ,
296 ,
300 ,
287 ,
293 ,
288 ,
290 ,
290 ,
289 ,
287 ,
293 ,
285 ,
290 ,
296 ,
294 ,
300 ,
292 ,
300 ,
294 ,
295 ,
293 ,
295 ,
296 ,
300 ,
298 ,
306 ,
306 ,
297 ,
303 ,
295 ,
297 ,
299 ,
314 ,
301 ,
303 ,
305 ,
303 ,
306 ,
309 ,
310 ,
303 ,
301 ,
304 ,
311 ,
310 ,
305 ,
313 ,
314 ,
312 ,
319 ,
302 ,
306 ,
312 ,
308 ,
317 ,
316 ,
313 ,
316 ,
310 ,
318 ,
310 ,
311 ,
314 ,
312 ,
311 ,
316 ,
310 ,
318 ,
319 ,
320 ,
311 ,
312 ,
318 ,
313 ,
324 ,
321 ,
320 
};
newwwwwwwwwwwwwwwwwwwwwwwwwwwwwww    
int bot_val[]={
972, 
972, 
969, 
971, 
971, 
971, 
974, 
978, 
972, 
971, 
974, 
972, 
973, 
973, 
971, 
968, 
975, 
974, 
969, 
967, 
967, 
964, 
964, 
962, 
962, 
965, 
962, 
956, 
957, 
956, 
957, 
953, 
951, 
951, 
950, 
946, 
940, 
945, 
943, 
945, 
938, 
932, 
936, 
939, 
936, 
933, 
933, 
935, 
930, 
921, 
923, 
921, 
928, 
916, 
911, 
908, 
912, 
909, 
906, 
899, 
900, 
894, 
899, 
886, 
888, 
882, 
885, 
880, 
877, 
871, 
868, 
858, 
857, 
855, 
851, 
844, 
833, 
837, 
826, 
813, 
812, 
813, 
805, 
795, 
792, 
782, 
786, 
771, 
774, 
762, 
759, 
755, 
748, 
746, 
742, 
734, 
730, 
728, 
725, 
722, 
708, 
709, 
715, 
703, 
702, 
705, 
700, 
692, 
682, 
680, 
690, 
680, 
681, 
676, 
674, 
665, 
676, 
655, 
666, 
661, 
664, 
660, 
652, 
657, 
656, 
655, 
652, 
654, 
642, 
634, 
632, 
636, 
633, 
635, 
636, 
633, 
627, 
622, 
624, 
623, 
622, 
623, 
622, 
607, 
611, 
621, 
613, 
610, 
608, 
603, 
598, 
607, 
602, 
602, 
598, 
599, 
589, 
594, 
586, 
584, 
585, 
581, 
581, 
585, 
578, 
578, 
571, 
575, 
574, 
572, 
570, 
570, 
563, 
564, 
572, 
551, 
562, 
557, 
567, 
561, 
554, 
565, 
563, 
563, 
563, 
557, 
562, 
559, 
554, 
558, 
568, 
557, 
560, 
569, 
565, 
555, 
569, 
567, 
556, 
558, 
568, 
567, 
564, 
563, 
562, 
573, 
569, 
569, 
568, 
568, 
574, 
582, 
579, 
571, 
576, 
579, 
571, 
590, 
581, 
576, 
589, 
587, 
593, 
588, 
591, 
588, 
593, 
586, 
592, 
591, 
590, 
599, 
606, 
591, 
598, 
595, 
606, 
599, 
610, 
603, 
609, 
617, 
620, 
619, 
602, 
612, 
613, 
619, 
626, 
624, 
624, 
626, 
629, 
632, 
634, 
636, 
642, 
646, 
637, 
653, 
652, 
646, 
650, 
656, 
653, 
663, 
664, 
676, 
682, 
670, 
684, 
680, 
683, 
690, 
684, 
693, 
696, 
690, 
698, 
706, 
703, 
707, 
706, 
713, 
705, 
715, 
709, 
709, 
710, 
715, 
718, 
723, 
721, 
726, 
729, 
726, 
732, 
732, 
742, 
739, 
745, 
748, 
745, 
749, 
745, 
755, 
746, 
747, 
753, 
756, 
751, 
757, 
760, 
761, 
758, 
763, 
769, 
768, 
761, 
765, 
772, 
772, 
772, 
776, 
777, 
785, 
786, 
784, 
782, 
787, 
789, 
785, 
797, 
790, 
795, 
797, 
795, 
794, 
801, 
802, 
798, 
802, 
803, 
799, 
802, 
805, 
805, 
803, 
807, 
809, 
818, 
811, 
811, 
812, 
813, 
815, 
816, 
803, 
812, 
807, 
813, 
811, 
814
};

start from 28 
end at 391
total vals 363

return (a-433) * 0.2;  //sand dune wala