551     953     0
550     951     1
550     951     2
550     952     3
551     952     4
550     952     5
550     952     6
550     952     7
550     952     8
550     952     9
550     951     10
550     953     11
550     952     12
551     951     13
550     952     14
550     952     15
551     952     16
551     951     17
550     951     18
550     950     19
550     949     20
551     951     21
550     951     22
550     951     23
551     951     24
550     951     25
551     951     26
550     951     27
550     951     28
551     951     29
550     950     30
550     951     31
551     950     32
550     951     33
550     950     34
551     951     35
551     951     36
551     951     37
551     951     38
550     950     39
550     950     40
551     951     41
551     949     42
551     951     43
551     951     44
550     950     45
550     951     46
550     950     47
550     950     48
550     951     49
550     950     50
551     951     51
550     950     52
550     950     53
550     950     54
550     951     55
551     955     56
551     950     57
550     950     58
551     948     59
551     950     60
550     950     61
550     950     62
550     950     63
550     949     64
550     950     65
550     950     66
549     949     67
550     950     68
550     950     69
550     949     70
550     948     71
550     949     72
550     950     73
550     949     74
550     950     75
550     949     76
551     950     77
550     949     78
550     949     79
550     949     80
550     948     81
550     948     82
550     949     83
551     949     84
550     948     85
550     950     86
553     962     87
551     960     88
549     958     89
550     958     90
548     955     91
546     953     92
544     952     93
543     958     94
541     949     95
542     948     96
540     946     97
540     945     98
538     943     99
536     941     100
535     940     101
533     939     102
531     938     103
530     937     104
528     936     105
526     935     106
525     935     107
524     926     108
521     929     109
519     927     110
519     926     111
515     923     112
513     921     113
510     920     114
508     918     115
506     915     116
505     914     117
502     911     118
500     910     119
499     908     120
495     907     121
498     901     122
493     901     123
488     900     124
487     898     125
483     899     126
477     899     127
476     893     128
478     895     129
468     890     130
469     886     131
468     884     132
465     882     133
464     879     134
462     878     135
458     873     136
458     870     137
454     871     138
452     869     139
447     866     140
445     864     141
444     860     142
441     858     143
439     856     144
436     852     145
433     847     146
429     844     147
426     846     148
426     838     149
423     837     150
421     837     151
419     832     152
417     830     153
416     828     154
413     824     155
411     821     156
413     809     157
407     813     158
407     812     159
405     807     160
404     803     161
403     802     162
401     796     163
400     791     164
399     788     165
398     779     166
397     780     167
403     775     168
395     773     169
397     768     170
396     766     171
395     762     172
398     759     173
400     754     174
396     747     175
390     745     176
396     742     177
398     739     178
397     733     179
395     732     180
396     727     181
394     721     182
395     719     183
390     718     184
396     711     185
395     709     186
395     708     187
395     704     188
395     701     189
395     700     190
395     697     191
395     695     192
394     689     193
394     687     194
394     684     195
394     682     196
394     678     197
394     676     198
394     675     199
393     669     200
393     668     201
393     663     202
392     660     203
392     659     204
393     655     205
393     647     206
392     650     207
392     649     208
391     645     209
391     642     210
391     641     211
391     636     212
391     635     213
391     630     214
391     628     215
391     626     216
393     617     217
390     621     218
392     621     219
391     616     220
393     611     221
392     613     222
392     612     223
393     609     224
395     608     225
396     608     226
396     606     227
398     605     228
400     606     229
400     605     230
402     606     231
405     604     232
407     606     233
408     604     234
410     605     235
412     608     236
414     609     237
416     608     238
418     608     239
421     609     240
424     610     241
426     611     242
429     611     243
432     616     244
433     615     245
436     616     246
438     616     247
440     619     248
443     621     249
444     620     250
446     623     251
448     624     252
450     626     253
452     630     254
454     630     255
456     634     256
458     636     257
460     640     258
462     640     259
464     643     260
466     646     261
468     647     262
468     650     263
470     653     264
472     655     265
475     658     266
476     662     267
479     663     268
481     665     269
482     666     270
483     671     271
485     673     272
488     674     273
490     678     274
491     680     275
492     685     276
495     686     277
497     687     278
498     690     279
500     694     280
502     696     281
503     699     282
505     701     283
505     704     284
505     706     285
508     709     286
508     710     287
512     714     288
512     713     289
513     714     290
514     715     291
516     718     292
516     721     293
519     722     294
518     728     295
517     724     296
524     727     297
526     730     298
527     733     299
528     736     300
530     738     301
531     740     302
533     744     303
534     743     304
535     745     305
537     748     306
537     751     307
539     751     308
540     756     309
541     756     310
542     757     311
543     759     312
544     760     313
544     763     314
546     766     315
547     767     316
549     769     317
549     771     318
550     772     319
551     774     320
552     775     321
553     775     322
554     777     323
555     781     324
555     783     325
556     787     326
557     791     327
558     792     328
558     796     329
559     799     330
560     800     331
561     802     332
561     805     333
562     807     334
563     810     335
563     813     336
564     815     337
565     817     338
565     822     339
566     824     340
567     827     341
568     830     342
568     833     343
568     834     344
569     838     345
569     838     346
569     839     347
570     840     348
570     841     349
571     842     350
571     843     351
572     843     352
573     844     353
573     844     354
573     844     355
574     845     356
575     845     357
575     845     358
575     846     359
580     841     360
576     849     361
575     844     362
577     854     363
577     856     364
577     857     365
579     860     366
578     861     367
579     863     368
580     865     369
580     866     370
582     869     371
582     872     372
583     873     373
584     875     374
585     876     375
585     878     376
587     879     377
587     881     378
587     882     379
588     884     380
588     886     381
588     887     382
591     889     383
589     890     384
591     891     385
595     889     386
593     894     387
598     900     388
597     900     389
594     897     390
595     899     391
596     899     392
596     902     393
596     902     394
598     898     395
597     905     396
597     907     397
598     908     398
597     910     399
598     911     400
598     912     401
598     913     402
598     914     403
599     915     404
599     916     405
598     917     406
599     917     407
599     918     408
599     920     409
599     921     410
599     921     411
601     922     412
601     922     413
602     918     414
600     923     415
601     925     416
601     926     417
600     927     418
601     928     419
600     929     420
601     931     421
601     931     422
601     932     423
602     932     424
601     932     425
596     934     426
602     934     427
601     934     428
601     936     429
602     936     430
602     937     431
601     938     432
603     941     433
602     941     434
602     942     435
602     943     436
602     945     437
602     946     438
603     947     439
603     947     440
602     948     441
602     949     442
602     949     443
603     949     444
603     950     445
forward
600     948     585
599     948     586
599     948     587
599     948     588
600     948     589
599     949     590
599     949     591
599     949     592
598     948     593
598     949     594
599     948     595
599     949     596
598     947     597
598     949     598
598     949     599
598     949     600
598     949     601
598     949     602
598     949     603
597     949     604
597     949     605
597     950     606
598     949     607
597     950     608
597     950     609
598     950     610
596     951     611
597     951     612
597     952     613
597     951     614
597     952     615
601     953     616
594     953     617
596     952     618
596     952     619
596     951     620
597     952     621
597     952     622
597     951     623
597     952     624
596     950     625
596     952     626
596     951     627
596     951     628
596     951     629
595     951     630
596     951     631
595     951     632
595     951     633
595     949     634
595     951     635
594     949     636
591     950     637
593     951     638
593     948     639
594     949     640
594     949     641
593     948     642
593     948     643
594     947     644
592     948     645
593     947     646
593     947     647
596     947     648
592     947     649
591     946     650
591     947     651
591     947     652
591     946     653
590     947     654
590     947     655
590     947     656
590     946     657
590     947     658
591     946     659
589     946     660
589     947     661
588     948     662
588     945     663
588     946     664
587     947     665
587     946     666
587     945     667
587     946     668
587     946     669
587     946     670
587     947     671
586     947     672
586     946     673
587     946     674
586     943     675
586     946     676
584     946     677
585     946     678
585     946     679
585     946     680
584     946     681
585     947     682
585     945     683
584     946     684
583     947     685
584     947     686
583     946     687
583     946     688
582     947     689
583     946     690
583     946     691
582     945     692
582     946     693
582     945     694
582     946     695
582     946     696
582     945     697
582     943     698
581     944     699
581     944     700
580     944     701
581     943     702
579     943     703
579     942     704
580     943     705
579     943     706
579     943     707
579     942     708
579     942     709
579     943     710
579     941     711
579     943     712
579     942     713
579     942     714
579     942     715
579     942     716
579     942     717
579     943     718
578     941     719
578     943     720
579     943     721
579     944     722
578     944     723
579     944     724
579     944     725
579     945     726
578     946     727
578     947     728
578     947     729
578     947     730
578     948     731
578     948     732
579     949     733
577     942     734
579     953     735
578     949     736
578     949     737
578     956     738
578     949     739
577     950     740
577     949     741
577     949     742
578     950     743
577     949     744
577     948     745
578     949     746
577     949     747
577     950     748
577     949     749
577     949     750
577     949     751
578     950     752
576     950     753
577     950     754
577     950     755
578     950     756
577     951     757
577     951     758
576     949     759
578     947     760
576     951     761
576     950     762
576     952     763
576     950     764
576     950     765
576     951     766
576     950     767
575     950     768
576     951     769
576     951     770
575     950     771
575     950     772
575     950     773
575     949     774
575     949     775
575     949     776
574     948     777
574     948     778
575     948     779
574     948     780
574     947     781
574     947     782
574     947     783
574     947     784
573     946     785
572     945     786
573     947     787
573     947     788
573     946     789
573     946     790
573     946     791
573     946     792
574     950     793
572     946     794
573     946     795
572     947     796
572     946     797
570     946     798
571     946     799
572     946     800
571     945     801
572     945     802
571     945     803
570     945     804
571     945     805
570     944     806
570     944     807
570     943     808
572     949     809
569     944     810
570     945     811
569     945     812
569     944     813
569     945     814
570     946     815
569     945     816
569     946     817
569     945     818
569     945     819
569     946     820
570     944     821
569     946     822
569     946     823
569     947     824
568     945     825
568     944     826
568     946     827
569     949     828
568     947     829
568     947     830
567     946     831
568     946     832
568     948     833
567     946     834
566     946     835
568     947     836
567     946     837
567     946     838
568     949     839
566     945     840
566     946     841
565     947     842
566     945     843
566     946     844
566     946     845
566     946     846
565     945     847
565     945     848
565     946     849
565     945     850
565     945     851
564     945     852
564     944     853
564     945     854
563     945     855
563     945     856
563     944     857
562     944     858
562     944     859
562     945     860
562     944     861
562     944     862
562     945     863
562     945     864
562     945     865
561     945     866
562     945     867
560     945     868
562     945     869
561     945     870
562     944     871
560     945     872
560     945     873
560     946     874
561     946     875
560     948     876
560     948     877
560     949     878
561     949     879
562     949     880
560     950     881
560     950     882
559     951     883
560     951     884
559     951     885
559     950     886
560     951     887
560     951     888
559     951     889
559     951     890
559     950     891
559     951     892
559     951     893
558     951     894
558     951     895
558     951     896
558     950     897
558     951     898
558     951     899
558     951     900
558     951     901
558     950     902
558     951     903
558     951     904
558     951     905
557     951     906
558     946     907
558     953     908
557     952     909
557     951     910
555     951     911
557     952     912
557     952     913
557     952     914
557     952     915
557     952     916
557     952     917
557     952     918
556     951     919
556     953     920
556     953     921
556     952     922
555     950     923
556     952     924
556     952     925
555     952     926
555     951     927
555     952     928
555     952     929
555     951     930
555     952     931
555     952     932
555     952     933
555     952     934
557     953     935
554     951     936
555     952     937
555     952     938
555     953     939
555     952     940
555     951     941
554     952     942
553     952     943
555     953     944
554     952     945
553     952     946
553     951     947
553     953     948
553     952     949
553     953     950
553     952     951
552     952     952
552     952     953
552     953     954
551     951     955

 return (a - 619) * 0.2;  //last val =634 updated on 31/03/2019
