climb dune try 2 new bot
does not drag back

int top_val[]={554 ,
554 ,
555 ,
554 ,
554 ,
554 ,
554 ,
555 ,
553 ,
553 ,
552 ,
551 ,
550 ,
549 ,
549 ,
548 ,
548 ,
547 ,
548 ,
545 ,
545 ,
544 ,
543 ,
543 ,
542 ,
543 ,
541 ,
540 ,
539 ,
538 ,
536 ,
538 ,
537 ,
537 ,
535 ,
536 ,
535 ,
534 ,
534 ,
532 ,
531 ,
533 ,
529 ,
532 ,
528 ,
528 ,
527 ,
527 ,
525 ,
525 ,
524 ,
524 ,
522 ,
521 ,
521 ,
520 ,
519 ,
517 ,
516 ,
515 ,
515 ,
514 ,
514 ,
512 ,
512 ,
511 ,
512 ,
508 ,
510 ,
509 ,
508 ,
507 ,
507 ,
507 ,
507 ,
506 ,
505 ,
506 ,
505 ,
504 ,
503 ,
503 ,
503 ,
501 ,
501 ,
501 ,
501 ,
500 ,
499 ,
498 ,
499 ,
499 ,
497 ,
498 ,
496 ,
496 ,
496 ,
494 ,
494 ,
493 ,
493 ,
491 ,
490 ,
489 ,
489 ,
488 ,
488 ,
487 ,
486 ,
486 ,
486 ,
485 ,
483 ,
484 ,
482 ,
480 ,
480 ,
478 ,
479 ,
477 ,
477 ,
477 ,
476 ,
475 ,
475 ,
475 ,
474 ,
474 ,
474 ,
473 ,
472 ,
471 ,
471 ,
470 ,
469 ,
469 ,
469 ,
467 ,
466 ,
465 ,
464 ,
465 ,
463 ,
463 ,
463 ,
462 ,
462 ,
461 ,
460 ,
460 ,
457 ,
457 ,
458 ,
457 ,
456 ,
456 ,
455 ,
455 ,
453 ,
453 ,
452 ,
451 ,
452 ,
451 ,
450 ,
449 ,
449 ,
448 ,
449 ,
448 ,
448 ,
447 ,
448 ,
447 ,
447 ,
447 ,
447 ,
447 ,
447 ,
447 ,
447 ,
445 ,
447 ,
446 ,
446 ,
446 ,
447 ,
446 ,
446 ,
448 ,
446 ,
447 ,
448 ,
448 ,
449 ,
448 ,
448 ,
448 ,
449 ,
451 ,
450 ,
451 ,
451 ,
451 ,
451 ,
451 ,
450 ,
451 ,
451 ,
451 ,
451 ,
451 ,
452 ,
450 ,
451 ,
451 ,
451 ,
451 ,
451 ,
450 ,
451 ,
451 ,
451 ,
452 ,
451 ,
452 ,
451 ,
451 ,
450 ,
451 ,
452 ,
452 ,
451 ,
450 ,
453 ,
452 ,
452 ,
452 ,
452 ,
453 ,
453 ,
454 ,
454 ,
455 ,
455 ,
456 ,
454 ,
456 ,
456 ,
456 ,
456 ,
457 ,
459 ,
459 ,
460 ,
460 ,
461 ,
461 ,
463 ,
463 ,
464 ,
465 ,
465 ,
466 ,
467 ,
468 ,
469 ,
470 ,
470 ,
472 ,
473 ,
474 ,
475 ,
474 ,
475 ,
476 ,
477 ,
478 ,
479 ,
480 ,
481 ,
482 ,
483 ,
484 ,
485 ,
487 ,
487 ,
489 ,
490 ,
491 ,
491 ,
493 ,
494 ,
496 ,
496 ,
497 ,
498 ,
499 ,
500 ,
502 ,
503 ,
504 ,
505 ,
507 ,
508 ,
509 ,
511 ,
511 ,
512 ,
514 ,
515 ,
517 ,
517 ,
519 ,
520 ,
521 ,
522 ,
523 ,
525 ,
526 ,
527 ,
527 ,
530 ,
530 ,
531 ,
534 ,
533 ,
535 ,
536 ,
536 ,
537 ,
538 ,
540 ,
541 ,
542 ,
543 ,
544 ,
545 ,
546 ,
547 ,
548 ,
549 ,
550 ,
551 ,
552 ,
554 ,
554 ,
555 ,
557 ,
558 ,
559 ,
560 ,
560 ,
561 ,
562 ,
563 ,
564 ,
565 ,
566 ,
567 ,
567 ,
569 ,
570 ,
572 ,
572 ,
571 ,
573 ,
574 ,
575 ,
575 ,
576 ,
576 ,
578 ,
579 ,
581 ,
581 ,
582 ,
583 ,
583 ,
584 ,
585 ,
587 ,
588 ,
588 ,
590 ,
592 ,
593 ,
594 ,
595 ,
596 ,
598 ,
599 ,
600 ,
600 ,
601 ,
602 ,
602 ,
603 ,
604 ,
606 ,
606 ,
606 ,
607 ,
608 ,
609 ,
608 ,
609 ,
610 ,
610 ,
611 ,
613 ,
612 ,
612 ,
613 ,
613 ,
614 ,
614 ,
614 ,
614 ,
616 ,
616 ,
617 ,
617 ,
617 ,
618 ,
617 ,
619 ,
620 ,
621 ,
622 ,
623 ,
623 ,
623 ,
625 ,
625 ,
626 ,
626 ,
628 ,
627 ,
628 ,
629 ,
630 ,
631 ,
630 ,
632 ,
632 ,
632 ,
633 ,
633 ,
633 ,
634 ,
633 ,
634 ,
634 ,
635 ,
635 ,
635 ,
636 ,
636 ,
638 ,
638 ,
639 ,
639 ,
640 ,
640 ,
641 ,
642 ,
643 ,
645 ,
646 ,
648 ,
649 ,
650 ,
652 ,
653 ,
655 ,
657 ,
656 ,
659 ,
660 ,
661 ,
661 ,
663 ,
664 ,
666 ,
668 ,
669 ,
670 ,
669 ,
671 ,
672 ,
673 ,
673 ,
674 ,
674 ,
675 ,
675 ,
676 ,
677 ,
677 ,
677 ,
679 ,
680 ,
681 ,
680 ,
682 ,
682 ,
684 ,
685 ,
685 ,
687 ,
688 ,
690 ,
690 ,
691 ,
691 ,
692 ,
694 ,
694 ,
695 ,
694 ,
695 ,
694 ,
694 ,
694 ,
695 ,
695 ,
696 ,
695 ,
696 ,
697 ,
696 ,
696 ,
698 ,
696 ,
697 ,
697 ,
697 ,
697 ,
697 ,
698 ,
698 ,
697 ,
697 ,
699 ,
699 ,
699 ,
700 ,
699 ,
699 ,
700 ,
700 ,
701 ,
700 ,
701 ,
698 ,
700 
};

int bot_val[]={
965, 
965, 
965, 
965, 
965, 
965, 
964, 
963, 
961, 
959, 
957, 
953, 
950, 
948, 
945, 
942, 
938, 
935, 
930, 
927, 
924, 
920, 
917, 
914, 
913, 
911, 
908, 
907, 
905, 
904, 
904, 
901, 
901, 
899, 
898, 
897, 
895, 
894, 
894, 
893, 
891, 
891, 
891, 
889, 
888, 
886, 
886, 
884, 
883, 
882, 
881, 
881, 
879, 
878, 
875, 
876, 
873, 
871, 
869, 
865, 
864, 
861, 
859, 
855, 
853, 
851, 
849, 
848, 
846, 
844, 
842, 
839, 
838, 
836, 
833, 
831, 
829, 
827, 
823, 
820, 
817, 
814, 
812, 
809, 
807, 
803, 
802, 
799, 
796, 
794, 
786, 
785, 
782, 
779, 
776, 
773, 
771, 
770, 
768, 
766, 
765, 
763, 
762, 
761, 
758, 
758, 
756, 
755, 
755, 
755, 
754, 
754, 
754, 
753, 
754, 
754, 
751, 
751, 
750, 
749, 
748, 
747, 
747, 
745, 
743, 
742, 
740, 
739, 
736, 
734, 
732, 
730, 
729, 
726, 
724, 
722, 
720, 
718, 
716, 
715, 
715, 
714, 
712, 
712, 
711, 
711, 
711, 
710, 
709, 
708, 
709, 
706, 
705, 
704, 
704, 
703, 
702, 
701, 
699, 
698, 
697, 
696, 
696, 
694, 
694, 
693, 
692, 
691, 
690, 
689, 
688, 
688, 
687, 
686, 
685, 
684, 
683, 
682, 
681, 
680, 
678, 
676, 
675, 
673, 
674, 
670, 
669, 
670, 
665, 
666, 
665, 
665, 
664, 
663, 
662, 
661, 
659, 
660, 
657, 
655, 
654, 
653, 
652, 
650, 
649, 
648, 
646, 
645, 
644, 
643, 
639, 
641, 
638, 
637, 
636, 
634, 
633, 
631, 
630, 
628, 
627, 
626, 
625, 
624, 
623, 
622, 
621, 
619, 
619, 
618, 
617, 
618, 
617, 
616, 
616, 
616, 
615, 
614, 
613, 
613, 
612, 
611, 
611, 
609, 
608, 
608, 
607, 
606, 
605, 
604, 
604, 
604, 
603, 
602, 
602, 
601, 
601, 
602, 
601, 
601, 
602, 
603, 
603, 
603, 
604, 
604, 
604, 
605, 
605, 
606, 
606, 
607, 
607, 
608, 
608, 
608, 
609, 
610, 
610, 
610, 
611, 
611, 
612, 
611, 
611, 
612, 
612, 
612, 
613, 
613, 
613, 
613, 
614, 
615, 
614, 
615, 
615, 
615, 
615, 
615, 
616, 
616, 
617, 
617, 
617, 
618, 
618, 
618, 
618, 
618, 
618, 
618, 
618, 
618, 
618, 
618, 
619, 
619, 
620, 
620, 
620, 
621, 
622, 
623, 
623, 
624, 
626, 
627, 
628, 
628, 
628, 
629, 
630, 
630, 
631, 
632, 
632, 
634, 
634, 
634, 
635, 
636, 
638, 
638, 
639, 
639, 
640, 
641, 
642, 
643, 
644, 
645, 
646, 
646, 
647, 
647, 
648, 
648, 
649, 
650, 
650, 
651, 
652, 
653, 
654, 
656, 
657, 
659, 
660, 
661, 
663, 
664, 
664, 
666, 
667, 
669, 
670, 
671, 
672, 
674, 
676, 
677, 
679, 
681, 
682, 
684, 
685, 
687, 
688, 
690, 
692, 
693, 
695, 
696, 
697, 
697, 
699, 
700, 
702, 
701, 
703, 
705, 
705, 
706, 
708, 
710, 
711, 
713, 
715, 
716, 
718, 
719, 
722, 
724, 
725, 
727, 
729, 
730, 
732, 
733, 
735, 
735, 
737, 
738, 
739, 
741, 
742, 
743, 
743, 
744, 
745, 
746, 
747, 
747, 
748, 
749, 
748, 
749, 
749, 
749, 
749, 
749, 
749, 
751, 
750, 
750, 
750, 
751, 
751, 
750, 
751, 
750, 
750, 
750, 
751, 
752, 
752, 
753, 
753, 
754, 
754, 
755, 
756, 
758, 
759, 
761, 
761, 
763, 
765, 
767, 
769, 
770, 
771, 
772, 
773, 
774, 
775, 
777, 
777, 
777, 
780, 
780, 
783, 
783, 
785, 
786, 
788, 
791, 
792, 
794, 
796, 
798, 
801, 
803, 
805, 
807, 
809, 
813, 
814, 
818, 
821, 
825, 
828, 
831, 
835, 
837, 
838, 
840, 
842, 
846, 
846, 
848, 
851, 
852, 
853, 
855, 
857, 
858, 
858, 
861, 
860, 
856, 
862, 
862, 
863, 
864, 
864, 
865, 
865, 
866, 
866, 
866, 
867, 
867, 
866, 
865, 
867, 
870, 
872, 
874, 
877, 
879, 
882, 
883, 
884, 
888, 
890, 
893, 
896, 
898, 
897, 
898, 
897, 
897, 
901, 
898, 
900

};


start 0 to 557
return (a-583) * 0.2;