int top_val[]={564 ,
563 ,
565 ,
565 ,
566 ,
563 ,
566 ,
565 ,
565 ,
566 ,
564 ,
566 ,
566 ,
565 ,
564 ,
565 ,
565 ,
565 ,
565 ,
565 ,
564 ,
566 ,
565 ,
566 ,
566 ,
564 ,
565 ,
565 ,
565 ,
565 ,
565 ,
565 ,
564 ,
563 ,
562 ,
561 ,
559 ,
559 ,
557 ,
554 ,
554 ,
550 ,
549 ,
548 ,
546 ,
545 ,
544 ,
541 ,
541 ,
540 ,
539 ,
538 ,
536 ,
534 ,
533 ,
531 ,
532 ,
532 ,
529 ,
529 ,
528 ,
527 ,
526 ,
524 ,
523 ,
523 ,
522 ,
522 ,
520 ,
520 ,
518 ,
517 ,
516 ,
515 ,
515 ,
514 ,
514 ,
512 ,
513 ,
512 ,
512 ,
511 ,
512 ,
512 ,
511 ,
511 ,
511 ,
508 ,
510 ,
510 ,
510 ,
510 ,
510 ,
512 ,
510 ,
509 ,
510 ,
509 ,
511 ,
510 ,
510 ,
510 ,
510 ,
510 ,
511 ,
511 ,
511 ,
512 ,
512 ,
511 ,
512 ,
513 ,
513 ,
513 ,
514 ,
514 ,
516 ,
513 ,
511 ,
519 ,
519 ,
520 ,
519 ,
520 ,
521 ,
521 ,
521 ,
522 ,
523 ,
522 ,
524 ,
524 ,
524 ,
524 ,
527 ,
526 ,
527 ,
527 ,
528 ,
529 ,
528 ,
529 ,
529 ,
530 ,
530 ,
533 ,
533 ,
533 ,
534 ,
534 ,
535 ,
535 ,
536 ,
537 ,
538 ,
538 ,
539 ,
539 ,
539 ,
541 ,
543 ,
543 ,
542 ,
543 ,
543 ,
544 ,
545 ,
547 ,
546 ,
546 ,
547 ,
547 ,
548 ,
548 ,
548 ,
549 ,
549 ,
550 ,
551 ,
551 ,
553 ,
554 ,
554 ,
555 ,
555 ,
557 ,
558 ,
558 ,
559 ,
560 ,
560 ,
562 ,
562 ,
563 ,
565 ,
565 ,
566 ,
567 ,
567 ,
568 ,
569 ,
570 ,
571 ,
572 ,
572 ,
572 ,
573 ,
573 ,
573 ,
575 ,
576 ,
576 ,
576 ,
577 ,
579 ,
580 ,
581 ,
580 ,
582 ,
582 ,
582 ,
584 ,
584 ,
584 ,
585 ,
587 ,
587 ,
588 ,
589 ,
590 ,
590 ,
592 ,
590 ,
591 ,
594 ,
594 ,
595 ,
595 ,
596 ,
597 ,
598 ,
599 ,
599 ,
600 ,
601 ,
601 ,
601 ,
601 ,
601 ,
602 ,
603 ,
603 ,
604 ,
604 ,
605 ,
606 ,
607 ,
607 ,
608 ,
609 ,
608 ,
610 ,
611 ,
611 ,
612 ,
613 ,
614 ,
615 ,
616 ,
616 ,
619 ,
617 ,
619 ,
621 ,
621 ,
621 ,
622 ,
623 ,
623 ,
624 ,
624 ,
624 ,
626 ,
625 ,
626 ,
626 ,
626 ,
626 ,
626 ,
626 ,
625 ,
625 ,
626 ,
625 ,
626 ,
624 ,
625 ,
626 ,
622 ,
625 ,
625 ,
626 ,
626 ,
625 ,
626 ,
626 ,
626 ,
626 ,
626 ,
626 ,
626 ,
625 ,
625 ,
625 ,
625 ,
625 ,
626 ,
625 ,
625 ,
625 ,
625 ,
626 ,
626 ,
626 ,
626 ,
625 ,
625 ,
626 ,
625 ,
625 ,
625 ,
626 ,
626 ,
626 ,
630 ,
625 ,
625 ,
626 ,
624 ,
624 ,
625 ,
624 ,
624 ,
624 ,
627 ,
626 ,
619 ,
625 ,
625 ,
624 ,
625 ,
626 ,
625 ,
624 ,
625 ,
625 ,
623 ,
629 ,
626 ,
624 ,
624 ,
624 ,
624 ,
623 ,
623 ,
622 ,
623 ,
623 ,
623 ,
626 ,
617 ,
621 ,
620 ,
620 ,
620 ,
620 ,
620 ,
620 ,
619 ,
618 ,
618 ,
615 ,
618 ,
617 ,
618 ,
617 ,
617 ,
617 ,
615 ,
616 ,
616 ,
615 ,
615 ,
615 ,
615 ,
615 ,
614 ,
612 ,
614 ,
613 ,
612 ,
612 ,
612 ,
612 ,
612 ,
611 ,
611 ,
610 ,
610 ,
611 ,
610 ,
610 ,
610 ,
609 ,
609 ,
608 ,
609 ,
609 ,
608 ,
609 ,
602 ,
607 ,
608 ,
607 ,
605 ,
606 ,
607 ,
605 ,
605 ,
604 ,
605 ,
604 ,
608 ,
601 ,
604 ,
604 ,
604 ,
602 ,
601 ,
601 ,
601 ,
601 ,
600 ,
599 ,
596 ,
601 ,
600 ,
598 ,
599 ,
597 ,
598 ,
597 ,
597 ,
596 ,
595 ,
590 ,
598 ,
592 ,
590 ,
594 ,
592 ,
591 ,
590 ,
590 ,
590 ,
591 ,
590 ,
591 ,
590 ,
587 ,
591 ,
587 ,
586 ,
588 ,
586 ,
586 ,
585 ,
585 ,
585 ,
584 ,
585 ,
585 ,
582 ,
583 ,
583 ,
583 ,
583 ,
582 ,
581 ,
582 ,
581 ,
580 ,
580 ,
579 ,
579 ,
578 ,
577 ,
576 ,
576 ,
575 ,
575 ,
574 ,
572 ,
574 ,
572 ,
572 ,
571 ,
570 ,
569 ,
568 ,
569 ,
568 ,
568 ,
567 ,
565 ,
566 ,
565 ,
565 ,
567 ,
564 ,
564 ,
564 ,
563 ,
562 ,
562 ,
561 ,
562 ,
562 ,
561 ,
561 ,
564 ,
561 ,
562 ,
561 ,
561 ,
561 ,
561 ,
560 ,
560 ,
560 ,
560 ,
560 ,
559 ,
558 ,
558 ,
558 ,
557 ,
556 ,
556 ,
556 ,
555 ,
554 ,
555 ,
554 ,
554 ,
553 ,
553 ,
558 

}
    
int bot_val[]={984, 
986, 
985, 
985, 
985, 
985, 
985, 
986, 
985, 
985, 
985, 
986, 
985, 
984, 
985, 
985, 
985, 
985, 
985, 
985, 
985, 
985, 
985, 
986, 
985, 
984, 
985, 
984, 
984, 
983, 
982, 
980, 
978, 
974, 
971, 
967, 
960, 
958, 
953, 
949, 
946, 
940, 
935, 
931, 
927, 
923, 
920, 
916, 
912, 
909, 
907, 
905, 
903, 
901, 
898, 
896, 
894, 
893, 
891, 
890, 
887, 
886, 
883, 
879, 
880, 
878, 
876, 
874, 
871, 
869, 
868, 
866, 
863, 
862, 
861, 
858, 
858, 
857, 
854, 
854, 
853, 
851, 
850, 
850, 
849, 
848, 
847, 
845, 
844, 
843, 
843, 
841, 
840, 
839, 
838, 
838, 
837, 
837, 
834, 
833, 
832, 
831, 
830, 
829, 
828, 
827, 
826, 
825, 
825, 
824, 
824, 
823, 
823, 
824, 
824, 
824, 
823, 
825, 
823, 
825, 
825, 
825, 
825, 
825, 
825, 
825, 
825, 
826, 
824, 
827, 
826, 
826, 
826, 
827, 
827, 
827, 
827, 
828, 
828, 
828, 
828, 
829, 
828, 
830, 
830, 
832, 
832, 
833, 
834, 
834, 
835, 
836, 
837, 
838, 
839, 
839, 
840, 
841, 
842, 
843, 
843, 
844, 
844, 
845, 
846, 
846, 
847, 
848, 
848, 
848, 
849, 
850, 
851, 
851, 
852, 
853, 
854, 
855, 
856, 
857, 
858, 
859, 
860, 
861, 
862, 
864, 
865, 
867, 
869, 
870, 
874, 
874, 
875, 
877, 
879, 
880, 
882, 
883, 
885, 
886, 
888, 
888, 
889, 
891, 
892, 
893, 
895, 
895, 
896, 
897, 
899, 
900, 
901, 
902, 
900, 
903, 
906, 
907, 
909, 
911, 
911, 
913, 
915, 
916, 
919, 
919, 
921, 
924, 
924, 
926, 
927, 
929, 
931, 
932, 
933, 
935, 
936, 
938, 
938, 
940, 
942, 
943, 
943, 
944, 
945, 
946, 
947, 
948, 
949, 
950, 
951, 
952, 
954, 
956, 
957, 
958, 
960, 
961, 
962, 
964, 
967, 
968, 
970, 
972, 
975, 
977, 
979, 
981, 
983, 
984, 
986, 
988, 
988, 
992, 
993, 
994, 
996, 
998, 
998, 
999, 
1000, 
1001, 
1002, 
1003, 
1004, 
1005, 
1006, 
1006, 
1006, 
1006, 
1005, 
1006, 
1007, 
1007, 
1007, 
1006, 
1007, 
1007, 
1007, 
1007, 
1007, 
1008, 
1008, 
1008, 
1008, 
1009, 
1009, 
1009, 
1010, 
1010, 
1011, 
1010, 
1011, 
1011, 
1011, 
1011, 
1011, 
1012, 
1012, 
1008, 
1011, 
1011, 
1012, 
1011, 
1011, 
1011, 
1011, 
1011, 
1011, 
1011, 
1012, 
1011, 
1011, 
1012, 
1014, 
1012, 
1012, 
1012, 
1012, 
1012, 
1012, 
1012, 
1012, 
1013, 
1012, 
1012, 
1012, 
1013, 
1012, 
1012, 
1012, 
1012, 
1013, 
1012, 
1013, 
1013, 
1012, 
1010, 
1013, 
1013, 
1012, 
1012, 
1012, 
1011, 
1011, 
1012, 
1012, 
1012, 
1012, 
1012, 
1011, 
1012, 
1012, 
1012, 
1012, 
1013, 
1011, 
1013, 
1012, 
1012, 
1012, 
1012, 
1011, 
1012, 
1012, 
1012, 
1010, 
1012, 
1012, 
1012, 
1012, 
1012, 
1012, 
1013, 
1010, 
1009, 
1012, 
1015, 
1012, 
1012, 
1012, 
1012, 
1012, 
1012, 
1012, 
1012, 
1013, 
1012, 
1013, 
1012, 
1012, 
1013, 
1013, 
1013, 
1013, 
1014, 
1014, 
1014, 
1016, 
1015, 
1015, 
1016, 
1016, 
1016, 
1016, 
1017, 
1016, 
1017, 
1018, 
1018, 
1018, 
1018, 
1018, 
1019, 
1019, 
1017, 
1019, 
1019, 
1019, 
1019, 
1019, 
1019, 
1019, 
1019, 
1019, 
1019, 
1020, 
1020, 
1019, 
1019, 
1019, 
1020, 
1020, 
1020, 
1020, 
1020, 
1020, 
1022, 
1020, 
1019, 
1020, 
1019, 
1019, 
1019, 
1019, 
1019, 
1019, 
1019, 
1019, 
1019, 
1019, 
1016, 
1019, 
1019, 
1019, 
1019, 
1019, 
1018, 
1018, 
1017, 
1017, 
1018, 
1016, 
1016, 
1015, 
1015, 
1017, 
1015, 
1015, 
1015, 
1014, 
1014, 
1013, 
1013, 
1013, 
1013, 
1011, 
1010, 
1010, 
1008, 
1007, 
1007, 
1006, 
1006, 
1005, 
1004, 
1003, 
1002, 
1002, 
1002, 
1000, 
1000, 
1000, 
999, 
999, 
998, 
998, 
997, 
997, 
996, 
995, 
994, 
992, 
994, 
994, 
994, 
994, 
993, 
993, 
992, 
991, 
992, 
992, 
991, 
991, 
991, 
991, 
991, 
991, 
991, 
991, 
990, 
991, 
990, 
990, 
991, 
990, 
990, 
990, 
990, 
989, 
989, 
989, 
988, 
988, 
990, 
988, 
988
};

small steps while climbing dune
totla vals =558
return (a-583) * 0.2;