863     906     0
863     906     1
863     906     2
862     906     3
863     906     4
863     906     5
863     906     6
863     905     7
863     905     8
864     904     9
865     903     10
866     901     11
867     899     12
868     898     13
871     896     14
871     894     15
872     893     16
873     890     17
875     889     18
876     886     19
877     884     20
880     881     21
882     879     22
883     877     23
884     875     24
884     873     25
887     869     26
887     867     27
890     866     28
890     861     29
892     858     30
893     856     31
893     853     32
896     849     33
899     847     34
900     844     35
902     841     36
905     837     37
906     834     38
909     831     39
910     827     40
911     824     41
914     819     42
914     815     43
917     812     44
918     810     45
919     807     46
921     804     47
922     801     48
923     798     49
925     795     50
926     792     51
927     788     52
926     787     53
928     782     54
925     781     55
928     778     56
928     774     57
929     773     58
929     769     59
930     767     60
931     764     61
932     762     62
932     758     63
933     756     64
934     754     65
935     749     66
938     747     67
937     748     68
935     745     69
935     743     70
935     742     71
935     740     72
934     738     73
934     737     74
934     735     75
933     733     76
932     732     77
930     733     78
930     731     79
929     730     80
928     728     81
928     727     82
928     726     83
927     725     84
926     725     85
925     725     86
923     725     87
922     726     88
920     727     89
919     725     90
917     726     91
916     724     92
912     727     93
911     728     94
908     729     95
907     730     96
905     731     97
902     732     98
900     734     99
896     736     100
894     738     101
892     740     102
889     741     103
887     743     104
887     745     105
885     747     106
884     750     107
882     751     108
880     752     109
877     754     110
874     756     111
873     758     112
872     762     113
871     763     114
869     766     115
867     767     116
865     769     117
864     771     118
862     773     119
861     775     120
860     777     121
859     778     122
858     781     123
856     782     124
855     783     125
854     784     126
853     786     127
851     789     128
850     790     129
849     793     130
848     795     131
847     797     132
845     800     133
844     801     134
843     804     135
841     806     136
840     808     137
839     811     138
837     813     139
836     815     140
835     816     141
835     819     142
834     821     143
833     824     144
831     826     145
828     828     146
829     830     147
827     833     148
827     835     149
826     835     150
827     835     151
826     835     152
827     835     153
827     836     154
826     835     155
826     835     156
826     835     157
827     837     158
826     836     159
825     835     160
826     835     161
826     835     162
826     835     163
826     835     164
826     835     165
826     835     166
827     835     167
826     835     168
826     835     169
827     835     170         //central value
826     835     171
827     835     172
827     835     173
826     835     174
827     836     175
827     835     176
826     835     177
827     835     178
827     835     179
827     835     180
827     835     181
827     835     182
827     835     183
827     835     184
827     837     185
827     837     186
830     836     187
828     835     188
828     835     189
829     835     190
829     836     191
830     835     192
831     836     193
831     835     194
832     835     195
832     835     196
833     835     197
834     836     198
834     835     199
837     835     200
836     835     201
835     835     202
835     836     203
835     836     204
835     836     205
835     836     206
836     836     207
836     836     208
836     836     209
837     836     210
838     837     211
837     836     212
839     835     213
838     836     214
839     836     215
839     836     216
840     837     217
840     837     218
840     837     219
841     837     220
841     837     221
841     837     222
842     837     223
842     839     224
845     837     225
843     838     226
845     839     227
845     839     228
846     840     229
846     840     230
847     841     231
848     841     232
848     842     233
849     842     234
849     843     235
850     843     236
849     845     237
850     843     238
850     846     239
850     846     240
852     845     241
852     846     242
853     846     243
854     847     244
855     848     245
855     848     246
855     848     247
856     849     248
857     849     249
858     849     250
857     851     251
858     852     252
858     853     253
859     853     254
859     854     255
862     854     256
860     856     257
860     856     258
860     857     259
861     858     260
861     857     261
860     858     262
861     859     263
862     860     264
862     861     265
863     862     266
861     862     267
862     863     268
863     864     269
863     865     270
864     866     271
864     867     272
864     867     273
864     868     274
864     869     275
864     870     276
864     871     277
864     872     278
866     872     279
865     873     280
865     874     281
865     875     282
865     876     283
865     877     284
866     877     285
864     879     286
865     880     287
865     880     288
865     881     289
865     882     290
865     883     291
865     884     292
865     885     293
865     886     294
865     887     295
865     888     296
865     888     297
866     889     298
865     890     299
864     891     300
864     891     301
864     892     302
864     893     303
864     893     304
864     894     305
864     895     306
864     896     307
865     897     308