863     901     0
863     902     1
864     901     2
863     901     3
863     901     4
863     901     5
863     901     6
863     901     7
863     901     8
863     901     9
863     900     10
863     901     11
863     901     12
864     900     13
865     898     14
865     896     15
867     894     16
869     892     17
871     890     18
872     888     19
874     884     20
874     881     21
876     878     22
878     876     23
878     874     24
881     872     25
882     870     26
883     868     27
884     865     28
884     863     29
885     862     30
885     859     31
886     859     32
886     858     33
887     856     34
887     854     35
887     854     36
888     854     37
887     852     38
888     850     39
888     850     40
888     848     41
888     848     42
888     846     43
890     842     44
889     843     45
890     842     46
888     841     47
889     839     48
889     838     49
890     835     50
889     836     51
890     835     52
890     832     53
889     832     54
890     830     55
891     831     56
890     828     57
890     828     58
889     827     59
889     825     60
890     825     61
890     823     62
889     821     63
890     820     64
889     820     65
890     817     66
890     816     67
889     814     68
889     813     69
889     811     70
890     813     71
890     809     72
890     808     73
889     808     74
889     806     75
889     805     76
890     803     77
888     803     78
889     803     79
888     804     80
887     803     81
887     803     82
887     802     83
886     803     84
885     804     85
885     804     86
884     804     87
882     806     88
881     807     89
882     806     90
881     807     91
880     805     92
878     807     93
877     807     94
875     807     95
875     808     96
874     810     97
874     810     98
873     811     99
873     812     100
872     812     101
870     814     102
869     815     103
868     817     104
867     818     105
865     818     106
864     820     107
863     822     108
862     824     109
861     825     110
861     826     111
860     827     112
858     828     113
857     829     114
857     830     115
856     831     116
855     831     117
854     832     118
854     833     119
853     834     120
852     835     121
852     835     122
852     837     123
851     838     124
850     838     125
849     840     126
849     841     127
849     843     128
847     845     129
848     843     130
847     843     131
847     844     132
848     844     133
847     843     134
847     843     135
848     843     136
848     843     137
846     844     138
848     844     139
849     844     140
849     843     141
848     843     142
848     843     143
848     844     144
848     844     145
849     844     146
848     843     147
847     845     148
848     845     149
849     845     150
849     843     151
850     845     152
849     845     153
849     843     154
850     845     155
849     846     156
851     845     157
850     846     158
850     846     159
850     848     160
850     847     161
851     847     162
850     848     163
851     848     164
851     848     165
850     849     166
852     849     167
852     848     168
851     849     169
853     849     170
853     850     171
854     848     172
854     851     173
855     852     174
856     851     175
856     851     176
856     853     177
854     856     178
857     858     179
856     857     180
855     859     181
857     858     182
857     859     183
859     859     184
858     859     185
859     859     186
860     860     187
859     862     188
860     863     189
860     862     190
860     863     191
860     864     192
861     863     193
860     865     194
860     865     195
859     867     196
861     867     197
861     868     198
861     867     199
862     867     200
861     871     201
862     869     202
862     871     203
861     872     204
861     873     205
862     873     206
861     872     207
862     873     208
862     875     209
862     875     210
862     875     211
862     876     212
862     877     213
862     877     214
862     878     215
865     879     216
861     878     217
862     880     218
862     879     219
864     882     220
860     882     221
864     883     222
862     882     223
863     883     224
861     884     225
862     884     226
862     886     227
862     886     228
862     887     229
863     888     230
862     889     231
862     890     232
863     889     233
862     891     234
862     891     235
863     892     236
862     893     237
862     894     238
862     895     239
862     894     240
862     895     241
863     895     242
862     896     243
862     896     244
862     897     245
862     900     246
861     897     247
862     898     248
862     898     249
861     899     250
862     900     251
861     901     252
862     901     253
862     901     254
861     903     255
860     902     256
863     900     257
862     900     258
862     902     259
858     899     260
864     902     261
859     902     262
862     902     263
862     901     264
862     902     265
862     902     266
861     902     267
861     901     268
862     901     269
862     900     270
862     902     271
861     901     272
862     902     273
862     901     274
862     901     275
862     900     276
862     901     277
862     900     278
